   6.0000000e+02   0.0000000e+00   8.7500560e-01
   6.0025000e+02   0.0000000e+00   1.0365143e+00
   6.0050000e+02   0.0000000e+00   1.0094533e+00
   6.0075000e+02   0.0000000e+00   1.0933872e+00
   6.0100000e+02   0.0000000e+00   1.1530960e+00
   6.0125000e+02   0.0000000e+00   1.0057848e+00
   6.0150000e+02   0.0000000e+00   9.3154105e-01
   6.0175000e+02   0.0000000e+00   1.1544776e+00
   6.0200000e+02   0.0000000e+00   1.1709620e+00
   6.0225000e+02   0.0000000e+00   1.0080240e+00
   6.0250000e+02   0.0000000e+00   1.0320186e+00
   6.0275000e+02   0.0000000e+00   1.0165997e+00
   6.0300000e+02   0.0000000e+00   9.2293414e-01
   6.0325000e+02   0.0000000e+00   1.0563337e+00
   6.0350000e+02   0.0000000e+00   1.0364326e+00
   6.0375000e+02   0.0000000e+00   9.5228204e-01
   6.0400000e+02   0.0000000e+00   9.6181057e-01
   6.0425000e+02   0.0000000e+00   1.0252230e+00
   6.0450000e+02   0.0000000e+00   1.1012185e+00
   6.0475000e+02   0.0000000e+00   8.5204182e-01
   6.0500000e+02   0.0000000e+00   1.1736300e+00
   6.0525000e+02   0.0000000e+00   1.0435654e+00
   6.0550000e+02   0.0000000e+00   1.0167902e+00
   6.0575000e+02   0.0000000e+00   1.1551356e+00
   6.0600000e+02   0.0000000e+00   1.1434245e+00
   6.0625000e+02   0.0000000e+00   1.0838711e+00
   6.0650000e+02   0.0000000e+00   9.7543638e-01
   6.0675000e+02   0.0000000e+00   8.7472877e-01
   6.0700000e+02   0.0000000e+00   1.1002126e+00
   6.0725000e+02   0.0000000e+00   1.1970702e+00
   6.0750000e+02   0.0000000e+00   1.0101203e+00
   6.0775000e+02   0.0000000e+00   9.9699145e-01
   6.0800000e+02   0.0000000e+00   1.0809649e+00
   6.0825000e+02   0.0000000e+00   1.0102632e+00
   6.0850000e+02   0.0000000e+00   9.8001008e-01
   6.0875000e+02   0.0000000e+00   1.0976875e+00
   6.0900000e+02   0.0000000e+00   1.0535190e+00
   6.0925000e+02   0.0000000e+00   9.1826516e-01
   6.0950000e+02   0.0000000e+00   9.5971430e-01
   6.0975000e+02   0.0000000e+00   1.1145530e+00
   6.1000000e+02   0.0000000e+00   9.4908998e-01
   6.1025000e+02   0.0000000e+00   1.0517629e+00
   6.1050000e+02   0.0000000e+00   1.1179357e+00
   6.1075000e+02   0.0000000e+00   9.2855598e-01
   6.1100000e+02   0.0000000e+00   1.0078334e+00
   6.1125000e+02   0.0000000e+00   1.1571456e+00
   6.1150000e+02   0.0000000e+00   1.1221968e+00
   6.1175000e+02   0.0000000e+00   1.0478533e+00
   6.1200000e+02   0.0000000e+00   1.0002106e+00
   6.1225000e+02   0.0000000e+00   9.9592274e-01
   6.1250000e+02   0.0000000e+00   9.9263539e-01
   6.1275000e+02   0.0000000e+00   9.5000385e-01
   6.1300000e+02   0.0000000e+00   9.5294903e-01
   6.1325000e+02   0.0000000e+00   9.6571727e-01
   6.1350000e+02   0.0000000e+00   9.2588799e-01
   6.1375000e+02   0.0000000e+00   1.0921610e+00
   6.1400000e+02   0.0000000e+00   1.1111228e+00
   6.1425000e+02   0.0000000e+00   8.6694496e-01
   6.1450000e+02   0.0000000e+00   8.9382446e-01
   6.1475000e+02   0.0000000e+00   9.8910983e-01
   6.1500000e+02   0.0000000e+00   1.0607644e+00
   6.1525000e+02   0.0000000e+00   9.8668006e-01
   6.1550000e+02   0.0000000e+00   9.9849544e-01
   6.1575000e+02   0.0000000e+00   1.0619198e+00
   6.1600000e+02   0.0000000e+00   1.0218404e+00
   6.1625000e+02   0.0000000e+00   1.0891118e+00
   6.1650000e+02   0.0000000e+00   1.2082186e+00
   6.1675000e+02   0.0000000e+00   1.0226026e+00
   6.1700000e+02   0.0000000e+00   9.7357832e-01
   6.1725000e+02   0.0000000e+00   1.1884541e+00
   6.1750000e+02   0.0000000e+00   1.2824935e+00
   6.1775000e+02   0.0000000e+00   1.1226999e+00
   6.1800000e+02   0.0000000e+00   9.7834259e-01
   6.1825000e+02   0.0000000e+00   1.0635277e+00
   6.1850000e+02   0.0000000e+00   1.1023089e+00
   6.1875000e+02   0.0000000e+00   1.1086453e+00
   6.1900000e+02   0.0000000e+00   9.9718130e-01
   6.1925000e+02   0.0000000e+00   1.1140290e+00
   6.1950000e+02   0.0000000e+00   1.1015942e+00
   6.1975000e+02   0.0000000e+00   1.0777729e+00
   6.2000000e+02   0.0000000e+00   1.1721054e+00
   6.2025000e+02   0.0000000e+00   1.1218424e+00
   6.2050000e+02   0.0000000e+00   8.8248550e-01
   6.2075000e+02   0.0000000e+00   9.5899966e-01
   6.2100000e+02   0.0000000e+00   1.1480162e+00
   6.2125000e+02   0.0000000e+00   1.0728180e+00
   6.2150000e+02   0.0000000e+00   1.1115515e+00
   6.2175000e+02   0.0000000e+00   1.1058344e+00
   6.2200000e+02   0.0000000e+00   9.4923291e-01
   6.2225000e+02   0.0000000e+00   1.0440419e+00
   6.2250000e+02   0.0000000e+00   1.2850662e+00
   6.2275000e+02   0.0000000e+00   1.2069322e+00
   6.2300000e+02   0.0000000e+00   1.0153593e+00
   6.2325000e+02   0.0000000e+00   1.0546662e+00
   6.2350000e+02   0.0000000e+00   1.0931615e+00
   6.2375000e+02   0.0000000e+00   1.0832041e+00
   6.2400000e+02   0.0000000e+00   1.0368002e+00
   6.2425000e+02   0.0000000e+00   1.2154602e+00
   6.2450000e+02   0.0000000e+00   9.7276839e-01
   6.2475000e+02   0.0000000e+00   8.7748302e-01
   6.2500000e+02   0.0000000e+00   1.0075952e+00
   6.2525000e+02   0.0000000e+00   1.2398057e+00
   6.2550000e+02   0.0000000e+00   1.0009308e+00
   6.2575000e+02   0.0000000e+00   1.1016419e+00
   6.2600000e+02   0.0000000e+00   1.2429501e+00
   6.2625000e+02   0.0000000e+00   1.2257511e+00
   6.2650000e+02   0.0000000e+00   1.3000737e+00
   6.2675000e+02   0.0000000e+00   1.3906424e+00
   6.2700000e+02   0.0000000e+00   1.4296141e+00
   6.2725000e+02   0.0000000e+00   1.4971238e+00
   6.2750000e+02   0.0000000e+00   1.6155635e+00
   6.2775000e+02   0.0000000e+00   1.7065611e+00
   6.2800000e+02   0.0000000e+00   1.7642087e+00
   6.2825000e+02   0.0000000e+00   1.9008956e+00
   6.2850000e+02   0.0000000e+00   2.1113095e+00
   6.2875000e+02   0.0000000e+00   2.2577393e+00
   6.2900000e+02   0.0000000e+00   2.3347775e+00
   6.2925000e+02   0.0000000e+00   2.4617929e+00
   6.2950000e+02   0.0000000e+00   2.7614178e+00
   6.2975000e+02   0.0000000e+00   3.0949166e+00
   6.3000000e+02   0.0000000e+00   3.2140233e+00
   6.3025000e+02   0.0000000e+00   3.4008780e+00
   6.3050000e+02   0.0000000e+00   3.8475758e+00
   6.3075000e+02   0.0000000e+00   4.2234766e+00
   6.3100000e+02   0.0000000e+00   4.7411620e+00
   6.3125000e+02   0.0000000e+00   4.9219660e+00
   6.3150000e+02   0.0000000e+00   5.2236395e+00
   6.3175000e+02   0.0000000e+00   5.7920168e+00
   6.3200000e+02   0.0000000e+00   6.4888387e+00
   6.3225000e+02   0.0000000e+00   7.2090533e+00
   6.3250000e+02   0.0000000e+00   7.7979169e+00
   6.3275000e+02   0.0000000e+00   8.3269889e+00
   6.3300000e+02   0.0000000e+00   9.1135062e+00
   6.3325000e+02   0.0000000e+00   1.0078906e+01
   6.3350000e+02   0.0000000e+00   1.0947146e+01
   6.3375000e+02   0.0000000e+00   1.1940306e+01
   6.3400000e+02   0.0000000e+00   1.2811786e+01
   6.3425000e+02   0.0000000e+00   1.4209908e+01
   6.3450000e+02   0.0000000e+00   1.4962424e+01
   6.3475000e+02   0.0000000e+00   1.6865750e+01
   6.3500000e+02   0.0000000e+00   1.8473690e+01
   6.3525000e+02   0.0000000e+00   1.9774193e+01
   6.3550000e+02   0.0000000e+00   2.0554485e+01
   6.3575000e+02   0.0000000e+00   2.2082719e+01
   6.3600000e+02   0.0000000e+00   2.4226640e+01
   6.3625000e+02   0.0000000e+00   2.5910571e+01
   6.3650000e+02   0.0000000e+00   2.8501952e+01
   6.3675000e+02   0.0000000e+00   3.0324618e+01
   6.3700000e+02   0.0000000e+00   3.2330471e+01
   6.3725000e+02   0.0000000e+00   3.4212119e+01
   6.3750000e+02   0.0000000e+00   3.5928018e+01
   6.3775000e+02   0.0000000e+00   3.7896280e+01
   6.3800000e+02   0.0000000e+00   4.0179413e+01
   6.3825000e+02   0.0000000e+00   4.2742971e+01
   6.3850000e+02   0.0000000e+00   4.4232281e+01
   6.3875000e+02   0.0000000e+00   4.6777115e+01
   6.3900000e+02   0.0000000e+00   4.9960695e+01
   6.3925000e+02   0.0000000e+00   5.2067216e+01
   6.3950000e+02   0.0000000e+00   5.4345680e+01
   6.3975000e+02   0.0000000e+00   5.6836916e+01
   6.4000000e+02   0.0000000e+00   6.0005155e+01
   6.4025000e+02   0.0000000e+00   6.1340198e+01
   6.4050000e+02   0.0000000e+00   6.4000232e+01
   6.4075000e+02   0.0000000e+00   6.7981065e+01
   6.4100000e+02   0.0000000e+00   6.9760948e+01
   6.4125000e+02   0.0000000e+00   7.1087320e+01
   6.4150000e+02   0.0000000e+00   7.3431769e+01
   6.4175000e+02   0.0000000e+00   7.5026751e+01
   6.4200000e+02   0.0000000e+00   7.7662774e+01
   6.4225000e+02   0.0000000e+00   8.0451872e+01
   6.4250000e+02   0.0000000e+00   8.1946661e+01
   6.4275000e+02   0.0000000e+00   8.3972047e+01
   6.4300000e+02   0.0000000e+00   8.6078473e+01
   6.4325000e+02   0.0000000e+00   8.6891067e+01
   6.4350000e+02   0.0000000e+00   8.9042658e+01
   6.4375000e+02   0.0000000e+00   9.1128932e+01
   6.4400000e+02   0.0000000e+00   9.1756238e+01
   6.4425000e+02   0.0000000e+00   9.3445319e+01
   6.4450000e+02   0.0000000e+00   9.4531191e+01
   6.4475000e+02   0.0000000e+00   9.6015833e+01
   6.4500000e+02   0.0000000e+00   9.7707148e+01
   6.4525000e+02   0.0000000e+00   9.7956891e+01
   6.4550000e+02   0.0000000e+00   9.8427410e+01
   6.4575000e+02   0.0000000e+00   9.9293078e+01
   6.4600000e+02   0.0000000e+00   9.9046479e+01
   6.4625000e+02   0.0000000e+00   1.0000000e+02
   6.4650000e+02   0.0000000e+00   9.8972443e+01
   6.4675000e+02   0.0000000e+00   9.8543754e+01
   6.4700000e+02   0.0000000e+00   9.8447277e+01
   6.4725000e+02   0.0000000e+00   9.7723013e+01
   6.4750000e+02   0.0000000e+00   9.5985389e+01
   6.4775000e+02   0.0000000e+00   9.4241762e+01
   6.4800000e+02   0.0000000e+00   9.3473285e+01
   6.4825000e+02   0.0000000e+00   9.2487558e+01
   6.4850000e+02   0.0000000e+00   9.0409165e+01
   6.4875000e+02   0.0000000e+00   8.7725671e+01
   6.4900000e+02   0.0000000e+00   8.4907892e+01
   6.4925000e+02   0.0000000e+00   8.2935390e+01
   6.4950000e+02   0.0000000e+00   8.0361065e+01
   6.4975000e+02   0.0000000e+00   7.8445876e+01
   6.5000000e+02   0.0000000e+00   7.5706422e+01
   6.5025000e+02   0.0000000e+00   7.2109399e+01
   6.5050000e+02   0.0000000e+00   7.0386735e+01
   6.5075000e+02   0.0000000e+00   6.8030518e+01
   6.5100000e+02   0.0000000e+00   6.6071355e+01
   6.5125000e+02   0.0000000e+00   6.3550486e+01
   6.5150000e+02   0.0000000e+00   5.9922079e+01
   6.5175000e+02   0.0000000e+00   5.6939348e+01
   6.5200000e+02   0.0000000e+00   5.4268499e+01
   6.5225000e+02   0.0000000e+00   5.0926746e+01
   6.5250000e+02   0.0000000e+00   4.8088671e+01
   6.5275000e+02   0.0000000e+00   4.6196065e+01
   6.5300000e+02   0.0000000e+00   4.4199836e+01
   6.5325000e+02   0.0000000e+00   4.2082595e+01
   6.5350000e+02   0.0000000e+00   3.9725997e+01
   6.5375000e+02   0.0000000e+00   3.6571418e+01
   6.5400000e+02   0.0000000e+00   3.4568343e+01
   6.5425000e+02   0.0000000e+00   3.2561538e+01
   6.5450000e+02   0.0000000e+00   2.9790020e+01
   6.5475000e+02   0.0000000e+00   2.7700411e+01
   6.5500000e+02   0.0000000e+00   2.5409751e+01
   6.5525000e+02   0.0000000e+00   2.4099577e+01
   6.5550000e+02   0.0000000e+00   2.2293633e+01
   6.5575000e+02   0.0000000e+00   2.0307648e+01
   6.5600000e+02   0.0000000e+00   1.9271086e+01
   6.5625000e+02   0.0000000e+00   1.7485200e+01
   6.5650000e+02   0.0000000e+00   1.6588088e+01
   6.5675000e+02   0.0000000e+00   1.5265051e+01
   6.5700000e+02   0.0000000e+00   1.3766926e+01
   6.5725000e+02   0.0000000e+00   1.2381096e+01
   6.5750000e+02   0.0000000e+00   1.1241816e+01
   6.5775000e+02   0.0000000e+00   1.0371610e+01
   6.5800000e+02   0.0000000e+00   9.4926149e+00
   6.5825000e+02   0.0000000e+00   8.4632470e+00
   6.5850000e+02   0.0000000e+00   7.5422186e+00
   6.5875000e+02   0.0000000e+00   7.0133847e+00
   6.5900000e+02   0.0000000e+00   6.5888884e+00
   6.5925000e+02   0.0000000e+00   5.7695034e+00
   6.5950000e+02   0.0000000e+00   5.4112088e+00
   6.5975000e+02   0.0000000e+00   5.3352664e+00
   6.6000000e+02   0.0000000e+00   4.6631710e+00
   6.6025000e+02   0.0000000e+00   4.1391014e+00
   6.6050000e+02   0.0000000e+00   4.2766935e+00
   6.6075000e+02   0.0000000e+00   3.6470954e+00
   6.6100000e+02   0.0000000e+00   3.5179724e+00
   6.6125000e+02   0.0000000e+00   3.3983529e+00
   6.6150000e+02   0.0000000e+00   3.4550477e+00
   6.6175000e+02   0.0000000e+00   3.3080224e+00
   6.6200000e+02   0.0000000e+00   3.2164531e+00
   6.6225000e+02   0.0000000e+00   2.9961111e+00
   6.6250000e+02   0.0000000e+00   3.0376978e+00
   6.6275000e+02   0.0000000e+00   3.1002526e+00
   6.6300000e+02   0.0000000e+00   3.0997762e+00
   6.6325000e+02   0.0000000e+00   3.2002546e+00
   6.6350000e+02   0.0000000e+00   3.1807138e+00
   6.6375000e+02   0.0000000e+00   3.2106407e+00
   6.6400000e+02   0.0000000e+00   3.3798199e+00
   6.6425000e+02   0.0000000e+00   3.4266050e+00
   6.6450000e+02   0.0000000e+00   3.5906864e+00
   6.6475000e+02   0.0000000e+00   3.3935330e+00
   6.6500000e+02   0.0000000e+00   3.5787758e+00
   6.6525000e+02   0.0000000e+00   3.6864482e+00
   6.6550000e+02   0.0000000e+00   3.8174656e+00
   6.6575000e+02   0.0000000e+00   3.7870696e+00
   6.6600000e+02   0.0000000e+00   3.5331341e+00
   6.6625000e+02   0.0000000e+00   3.6508290e+00
   6.6650000e+02   0.0000000e+00   4.0628731e+00
   6.6675000e+02   0.0000000e+00   3.8540076e+00
   6.6700000e+02   0.0000000e+00   3.7509088e+00
   6.6725000e+02   0.0000000e+00   3.8773738e+00
   6.6750000e+02   0.0000000e+00   3.9032225e+00
   6.6775000e+02   0.0000000e+00   3.9051282e+00
   6.6800000e+02   0.0000000e+00   4.2127570e+00
   6.6825000e+02   0.0000000e+00   4.3750280e+00
   6.6850000e+02   0.0000000e+00   4.1540865e+00
   6.6875000e+02   0.0000000e+00   4.1314309e+00
   6.6900000e+02   0.0000000e+00   4.2950359e+00
   6.6925000e+02   0.0000000e+00   4.4762211e+00
   6.6950000e+02   0.0000000e+00   4.4594461e+00
   6.6975000e+02   0.0000000e+00   4.3352463e+00
   6.7000000e+02   0.0000000e+00   4.3030875e+00
   6.7025000e+02   0.0000000e+00   4.7124335e+00
   6.7050000e+02   0.0000000e+00   4.7362548e+00
   6.7075000e+02   0.0000000e+00   4.9506997e+00
   6.7100000e+02   0.0000000e+00   5.1538430e+00
   6.7125000e+02   0.0000000e+00   5.2816207e+00
   6.7150000e+02   0.0000000e+00   5.1192544e+00
   6.7175000e+02   0.0000000e+00   5.3682078e+00
   6.7200000e+02   0.0000000e+00   5.5517071e+00
   6.7225000e+02   0.0000000e+00   5.7202669e+00
   6.7250000e+02   0.0000000e+00   5.7812205e+00
   6.7275000e+02   0.0000000e+00   5.9667225e+00
   6.7300000e+02   0.0000000e+00   6.0953578e+00
   6.7325000e+02   0.0000000e+00   6.1003126e+00
   6.7350000e+02   0.0000000e+00   6.2679307e+00
   6.7375000e+02   0.0000000e+00   6.2713975e+00
   6.7400000e+02   0.0000000e+00   6.1353300e+00
   6.7425000e+02   0.0000000e+00   6.5803684e+00
   6.7450000e+02   0.0000000e+00   6.7546373e+00
   6.7475000e+02   0.0000000e+00   7.0628855e+00
   6.7500000e+02   0.0000000e+00   6.8177162e+00
   6.7525000e+02   0.0000000e+00   6.4713284e+00
   6.7550000e+02   0.0000000e+00   6.3994611e+00
   6.7575000e+02   0.0000000e+00   6.6853172e+00
   6.7600000e+02   0.0000000e+00   6.5392924e+00
   6.7625000e+02   0.0000000e+00   5.4297102e+00
   6.7650000e+02   0.0000000e+00   5.1514132e+00
   6.7675000e+02   0.0000000e+00   4.9275402e+00
   6.7700000e+02   0.0000000e+00   4.4937841e+00
   6.7725000e+02   0.0000000e+00   3.8835460e+00
   6.7750000e+02   0.0000000e+00   3.3411817e+00
   6.7775000e+02   0.0000000e+00   2.7562248e+00
   6.7800000e+02   0.0000000e+00   2.1458388e+00
   6.7825000e+02   0.0000000e+00   1.6672558e+00
   6.7850000e+02   0.0000000e+00   1.2467615e+00
   6.7875000e+02   0.0000000e+00   7.9154379e-01
   6.7900000e+02   0.0000000e+00   4.4283878e-01
   6.7925000e+02   0.0000000e+00   3.0562784e-01
   6.7950000e+02   0.0000000e+00   2.1769726e-01
   6.7975000e+02   0.0000000e+00   2.5631766e-02
   6.8000000e+02   0.0000000e+00   8.7186118e-02
   6.8025000e+02   0.0000000e+00   1.3787812e-01
   6.8050000e+02   0.0000000e+00   3.9209932e-02
   6.8075000e+02   0.0000000e+00   6.3031276e-02
   6.8100000e+02   0.0000000e+00   8.6852619e-02
   6.8125000e+02   0.0000000e+00   1.8555918e-02
   6.8150000e+02   0.0000000e+00   1.6198514e-03
   6.8175000e+02   0.0000000e+00   2.0660197e-02
   6.8200000e+02   0.0000000e+00   5.6218371e-03
   6.8225000e+02   0.0000000e+00   0.0000000e+00
   6.8250000e+02   0.0000000e+00   0.0000000e+00
   6.8275000e+02   0.0000000e+00   3.9543431e-02
   6.8300000e+02   0.0000000e+00   5.5360803e-02
   6.8325000e+02   0.0000000e+00   2.3338371e-02
   6.8350000e+02   0.0000000e+00   3.0491320e-02
   6.8375000e+02   0.0000000e+00   5.1692316e-02
   6.8400000e+02   0.0000000e+00   2.2955774e-02
   6.8425000e+02   0.0000000e+00   4.2878419e-03
   6.8450000e+02   0.0000000e+00   2.7259982e-02
   6.8475000e+02   0.0000000e+00   4.7166261e-02
   6.8500000e+02   0.0000000e+00   7.4322592e-03
   6.8525000e+02   0.0000000e+00   0.0000000e+00
   6.8550000e+02   0.0000000e+00   0.0000000e+00
   6.8575000e+02   0.0000000e+00   0.0000000e+00
   6.8600000e+02   0.0000000e+00   0.0000000e+00
   6.8625000e+02   0.0000000e+00   0.0000000e+00
   6.8650000e+02   0.0000000e+00   0.0000000e+00
   6.8675000e+02   0.0000000e+00   0.0000000e+00
   6.8700000e+02   0.0000000e+00   0.0000000e+00
   6.8725000e+02   0.0000000e+00   0.0000000e+00
   6.8750000e+02   0.0000000e+00   0.0000000e+00
   6.8775000e+02   0.0000000e+00   0.0000000e+00
   6.8800000e+02   0.0000000e+00   0.0000000e+00
   6.8825000e+02   0.0000000e+00   0.0000000e+00
   6.8850000e+02   0.0000000e+00   0.0000000e+00
   6.8875000e+02   0.0000000e+00   0.0000000e+00
   6.8900000e+02   0.0000000e+00   0.0000000e+00
   6.8925000e+02   0.0000000e+00   0.0000000e+00
   6.8950000e+02   0.0000000e+00   0.0000000e+00
   6.8975000e+02   0.0000000e+00   0.0000000e+00
   6.9000000e+02   0.0000000e+00   0.0000000e+00
   6.9025000e+02  -2.6264901e-03   0.0000000e+00
   6.9050000e+02  -2.8493671e-03   0.0000000e+00
   6.9075000e+02   4.6592820e-03   0.0000000e+00
   6.9100000e+02   3.6986053e-03   0.0000000e+00
   6.9125000e+02  -1.1015119e-02   0.0000000e+00
   6.9150000e+02  -1.5922256e-02   0.0000000e+00
   6.9175000e+02  -7.4567725e-03   0.0000000e+00
   6.9200000e+02  -1.2974899e-02   0.0000000e+00
   6.9225000e+02  -1.4319847e-02   0.0000000e+00
   6.9250000e+02  -7.6662000e-03   0.0000000e+00
   6.9275000e+02  -2.3440511e-03   0.0000000e+00
   6.9300000e+02  -5.7275545e-03   0.0000000e+00
   6.9325000e+02  -9.5702613e-03   0.0000000e+00
   6.9350000e+02  -5.4758572e-04   0.0000000e+00
   6.9375000e+02  -1.0384915e-02   0.0000000e+00
   6.9400000e+02  -6.5037812e-03   0.0000000e+00
   6.9425000e+02   1.2680932e-03   0.0000000e+00
   6.9450000e+02  -9.7720034e-03   0.0000000e+00
   6.9475000e+02  -1.4148846e-02   0.0000000e+00
   6.9500000e+02  -2.9780978e-03   0.0000000e+00
   6.9525000e+02  -1.2181381e-03   0.0000000e+00
   6.9550000e+02   2.6437823e-03   0.0000000e+00
   6.9575000e+02  -5.1031146e-03   0.0000000e+00
   6.9600000e+02  -5.8447570e-03   0.0000000e+00
   6.9625000e+02   7.0590524e-03   0.0000000e+00
   6.9650000e+02  -2.7475354e-03   0.0000000e+00
   6.9675000e+02  -8.8574392e-03   0.0000000e+00
   6.9700000e+02   5.9446674e-03   0.0000000e+00
   6.9725000e+02   5.4143739e-03   0.0000000e+00
   6.9750000e+02  -6.5326015e-05   0.0000000e+00
   6.9775000e+02   6.0792208e-03   0.0000000e+00
   6.9800000e+02   1.3086338e-02   0.0000000e+00
   6.9825000e+02  -1.1070838e-02   0.0000000e+00
   6.9850000e+02  -7.2281315e-03   0.0000000e+00
   6.9875000e+02   1.2292819e-02   0.0000000e+00
   6.9900000e+02  -1.3764576e-02   0.0000000e+00
   6.9925000e+02  -5.4451155e-03   0.0000000e+00
   6.9950000e+02   2.2962094e-02   0.0000000e+00
   6.9975000e+02   5.1780474e-03   0.0000000e+00
   7.0000000e+02   2.3440511e-03   0.0000000e+00
   7.0025000e+02   2.7622652e-02   0.0000000e+00
   7.0050000e+02   4.2083403e-02   0.0000000e+00
   7.0075000e+02   3.1633162e-02   0.0000000e+00
   7.0100000e+02   2.9561943e-02   0.0000000e+00
   7.0125000e+02   3.0378519e-02   0.0000000e+00
   7.0150000e+02   1.9261568e-02   0.0000000e+00
   7.0175000e+02   2.2662363e-02   0.0000000e+00
   7.0200000e+02   2.7654039e-02   0.0000000e+00
   7.0225000e+02   2.4100870e-02   0.0000000e+00
   7.0250000e+02   1.2957607e-02   0.0000000e+00
   7.0275000e+02   1.4675297e-02   0.0000000e+00
   7.0300000e+02   3.1391072e-02   0.0000000e+00
   7.0325000e+02   2.6107350e-02   0.0000000e+00
   7.0350000e+02   2.0823628e-02   0.0000000e+00
   7.0375000e+02   2.8249659e-02   0.0000000e+00
   7.0400000e+02   2.7019993e-02   0.0000000e+00
   7.0425000e+02   3.7721931e-02   0.0000000e+00
   7.0450000e+02   4.3495745e-02   0.0000000e+00
   7.0475000e+02   4.5213288e-02   0.0000000e+00
   7.0500000e+02   5.8345739e-02   0.0000000e+00
   7.0525000e+02   6.5143487e-02   0.0000000e+00
   7.0550000e+02   7.5816605e-02   0.0000000e+00
   7.0575000e+02   8.6964297e-02   0.0000000e+00
   7.0600000e+02   9.0949155e-02   0.0000000e+00
   7.0625000e+02   1.0719807e-01   0.0000000e+00
   7.0650000e+02   1.2063986e-01   0.0000000e+00
   7.0675000e+02   1.0609906e-01   0.0000000e+00
   7.0700000e+02   1.0565714e-01   0.0000000e+00
   7.0725000e+02   1.2808895e-01   0.0000000e+00
   7.0750000e+02   1.2555751e-01   0.0000000e+00
   7.0775000e+02   1.0895995e-01   0.0000000e+00
   7.0800000e+02   1.2626558e-01   0.0000000e+00
   7.0825000e+02   1.3820871e-01   0.0000000e+00
   7.0850000e+02   1.2486684e-01   0.0000000e+00
   7.0875000e+02   1.3831631e-01   0.0000000e+00
   7.0900000e+02   1.8743379e-01   0.0000000e+00
   7.0925000e+02   2.6152414e-01   0.0000000e+00
   7.0950000e+02   4.2429247e-01   0.0000000e+00
   7.0975000e+02   8.0837101e-01   0.0000000e+00
   7.1000000e+02   1.8591477e+00   0.0000000e+00
   7.1025000e+02   4.6021832e+00   0.0000000e+00
   7.1050000e+02   7.8821813e+00   0.0000000e+00
   7.1075000e+02   9.9017122e+00   0.0000000e+00
   7.1100000e+02   1.0803094e+01   0.0000000e+00
   7.1125000e+02   1.1534159e+01   0.0000000e+00
   7.1150000e+02   1.2269173e+01   0.0000000e+00
   7.1175000e+02   1.2930768e+01   0.0000000e+00
   7.1200000e+02   1.3613779e+01   0.0000000e+00
   7.1225000e+02   1.4278795e+01   0.0000000e+00
   7.1250000e+02   1.4926946e+01   0.0000000e+00
   7.1275000e+02   1.5514116e+01   0.0000000e+00
   7.1300000e+02   1.6071657e+01   0.0000000e+00
   7.1325000e+02   1.6622477e+01   0.0000000e+00
   7.1350000e+02   1.7445566e+01   0.0000000e+00
   7.1375000e+02   1.8015247e+01   0.0000000e+00
   7.1400000e+02   1.8734151e+01   0.0000000e+00
   7.1425000e+02   1.9279580e+01   0.0000000e+00
   7.1450000e+02   2.0354165e+01   0.0000000e+00
   7.1475000e+02   2.1537761e+01   0.0000000e+00
   7.1500000e+02   2.2912919e+01   0.0000000e+00
   7.1525000e+02   2.4233291e+01   0.0000000e+00
   7.1550000e+02   2.5566014e+01   0.0000000e+00
   7.1575000e+02   2.6479688e+01   0.0000000e+00
   7.1600000e+02   2.7501282e+01   0.0000000e+00
   7.1625000e+02   2.8575511e+01   0.0000000e+00
   7.1650000e+02   2.9534003e+01   0.0000000e+00
   7.1675000e+02   3.0511902e+01   0.0000000e+00
   7.1700000e+02   3.1355016e+01   0.0000000e+00
   7.1725000e+02   3.2088627e+01   0.0000000e+00
   7.1750000e+02   3.2727523e+01   0.0000000e+00
   7.1775000e+02   3.3690384e+01   0.0000000e+00
   7.1800000e+02   3.4603196e+01   0.0000000e+00
   7.1825000e+02   3.5749137e+01   0.0000000e+00
   7.1850000e+02   3.6919760e+01   0.0000000e+00
   7.1875000e+02   3.8260745e+01   0.0000000e+00
   7.1900000e+02   4.0122892e+01   0.0000000e+00
   7.1925000e+02   4.2666240e+01   0.0000000e+00
   7.1950000e+02   4.4156327e+01   0.0000000e+00
   7.1975000e+02   4.5231731e+01   0.0000000e+00
   7.2000000e+02   4.5784452e+01   0.0000000e+00
   7.2025000e+02   4.6354639e+01   0.0000000e+00
   7.2050000e+02   4.6821805e+01   0.0000000e+00
   7.2075000e+02   4.7265899e+01   0.0000000e+00
   7.2100000e+02   4.7891724e+01   0.0000000e+00
   7.2125000e+02   4.9034810e+01   0.0000000e+00
   7.2150000e+02   5.0391045e+01   0.0000000e+00
   7.2175000e+02   5.1668266e+01   0.0000000e+00
   7.2200000e+02   5.2707287e+01   0.0000000e+00
   7.2225000e+02   5.3606961e+01   0.0000000e+00
   7.2250000e+02   5.5092520e+01   0.0000000e+00
   7.2275000e+02   5.6611496e+01   0.0000000e+00
   7.2300000e+02   5.7829846e+01   0.0000000e+00
   7.2325000e+02   5.8555191e+01   0.0000000e+00
   7.2350000e+02   5.9410775e+01   0.0000000e+00
   7.2375000e+02   6.0281431e+01   0.0000000e+00
   7.2400000e+02   6.1148922e+01   0.0000000e+00
   7.2425000e+02   6.1191599e+01   0.0000000e+00
   7.2450000e+02   6.0771591e+01   0.0000000e+00
   7.2475000e+02   6.0201066e+01   0.0000000e+00
   7.2500000e+02   6.0098455e+01   0.0000000e+00
   7.2525000e+02   6.0472829e+01   0.0000000e+00
   7.2550000e+02   6.1291372e+01   0.0000000e+00
   7.2575000e+02   6.1866769e+01   0.0000000e+00
   7.2600000e+02   6.2437799e+01   0.0000000e+00
   7.2625000e+02   6.2866935e+01   0.0000000e+00
   7.2650000e+02   6.3974977e+01   0.0000000e+00
   7.2675000e+02   6.5535476e+01   0.0000000e+00
   7.2700000e+02   6.7126287e+01   0.0000000e+00
   7.2725000e+02   6.8481871e+01   0.0000000e+00
   7.2750000e+02   6.8251103e+01   0.0000000e+00
   7.2775000e+02   6.7229308e+01   0.0000000e+00
   7.2800000e+02   6.6962746e+01   0.0000000e+00
   7.2825000e+02   6.7503683e+01   0.0000000e+00
   7.2850000e+02   6.8400552e+01   0.0000000e+00
   7.2875000e+02   6.9007683e+01   0.0000000e+00
   7.2900000e+02   6.8796846e+01   0.0000000e+00
   7.2925000e+02   6.8782436e+01   0.0000000e+00
   7.2950000e+02   6.9332005e+01   0.0000000e+00
   7.2975000e+02   7.0471712e+01   0.0000000e+00
   7.3000000e+02   7.0250734e+01   0.0000000e+00
   7.3025000e+02   6.7722414e+01   0.0000000e+00
   7.3050000e+02   5.3558657e+01   0.0000000e+00
   7.3075000e+02   2.9165858e+01   0.0000000e+00
   7.3100000e+02   1.1971778e+01   0.0000000e+00
   7.3125000e+02   4.8456250e+00   0.0000000e+00
   7.3150000e+02   2.5183371e+00   0.0000000e+00
   7.3175000e+02   1.7224716e+00   0.0000000e+00
   7.3200000e+02   1.3694177e+00   0.0000000e+00
   7.3225000e+02   1.2297546e+00   0.0000000e+00
   7.3250000e+02   1.2562463e+00   0.0000000e+00
   7.3275000e+02   1.3569789e+00   0.0000000e+00
   7.3300000e+02   1.4485833e+00   0.0000000e+00
   7.3325000e+02   1.5522071e+00   0.0000000e+00
   7.3350000e+02   1.5844364e+00   0.0000000e+00
   7.3375000e+02   1.5555239e+00   0.0000000e+00
   7.3400000e+02   1.5042523e+00   0.0000000e+00
   7.3425000e+02   1.5107871e+00   0.0000000e+00
   7.3450000e+02   1.5040623e+00   0.0000000e+00
   7.3475000e+02   1.5363572e+00   0.0000000e+00
   7.3500000e+02   1.3535166e+00   0.0000000e+00
   7.3525000e+02   1.2404565e+00   0.0000000e+00
   7.3550000e+02   1.0824716e+00   0.0000000e+00
   7.3575000e+02   9.0544547e-01   0.0000000e+00
   7.3600000e+02   7.2128759e-01   0.0000000e+00
   7.3625000e+02   5.6690663e-01   0.0000000e+00
   7.3650000e+02   4.3079625e-01   0.0000000e+00
   7.3675000e+02   3.3765520e-01   0.0000000e+00
   7.3700000e+02   2.8241974e-01   0.0000000e+00
   7.3725000e+02   2.4767206e-01   0.0000000e+00
   7.3750000e+02   2.5315172e-01   0.0000000e+00
   7.3775000e+02   2.8780721e-01   0.0000000e+00
   7.3800000e+02   3.2374744e-01   0.0000000e+00
   7.3825000e+02   3.7589550e-01   0.0000000e+00
   7.3850000e+02   4.2886721e-01   0.0000000e+00
   7.3875000e+02   4.4475325e-01   0.0000000e+00
   7.3900000e+02   4.4985223e-01   0.0000000e+00
   7.3925000e+02   4.8712457e-01   0.0000000e+00
   7.3950000e+02   4.2423483e-01   0.0000000e+00
   7.3975000e+02   3.9541453e-01   0.0000000e+00
   7.4000000e+02   3.8815401e-01   0.0000000e+00
   7.4025000e+02   3.5922776e-01   0.0000000e+00
   7.4050000e+02   3.1525951e-01   0.0000000e+00
   7.4075000e+02   2.8063550e-01   0.0000000e+00
   7.4100000e+02   2.6633416e-01   0.0000000e+00
   7.4125000e+02   2.3118783e-01   0.0000000e+00
   7.4150000e+02   2.0360582e-01   0.0000000e+00
   7.4175000e+02   1.7705538e-01   0.0000000e+00
   7.4200000e+02   1.6191053e-01   0.0000000e+00
   7.4225000e+02   1.4279691e-01   0.0000000e+00
   7.4250000e+02   1.2824031e-01   0.0000000e+00
   7.4275000e+02   1.2009419e-01   0.0000000e+00
   7.4300000e+02   9.9238651e-02   0.0000000e+00
   7.4325000e+02   1.2034781e-01   0.0000000e+00
   7.4350000e+02   1.9093807e-01   0.0000000e+00
   7.4375000e+02   3.3613886e-01   0.0000000e+00
   7.4400000e+02   4.8041274e-01   0.0000000e+00
   7.4425000e+02   6.4942513e-01   0.0000000e+00
   7.4450000e+02   9.1818789e-01   0.0000000e+00
   7.4475000e+02   1.3754700e+00   0.0000000e+00
   7.4500000e+02   1.1329376e+00   0.0000000e+00
   7.4525000e+02   7.0151110e-01   0.0000000e+00
   7.4550000e+02   4.2698619e-01   0.0000000e+00
   7.4575000e+02   3.9973373e-01   0.0000000e+00
   7.4600000e+02   4.0878903e-01   0.0000000e+00
   7.4625000e+02   3.9854057e-01   0.0000000e+00
   7.4650000e+02   3.7980279e-01   0.0000000e+00
   7.4675000e+02   4.7094869e-01   0.0000000e+00
   7.4700000e+02   6.3870778e-01   0.0000000e+00
   7.4725000e+02   7.3523854e-01   0.0000000e+00
   7.4750000e+02   7.1806553e-01   0.0000000e+00
   7.4775000e+02   7.4007074e-01   0.0000000e+00
   7.4800000e+02   8.7016177e-01   0.0000000e+00
   7.4825000e+02   1.0233416e+00   0.0000000e+00
   7.4850000e+02   1.2014465e+00   0.0000000e+00
   7.4875000e+02   1.3444056e+00   0.0000000e+00
   7.4900000e+02   1.4204431e+00   0.0000000e+00
   7.4925000e+02   1.4775112e+00   0.0000000e+00
   7.4950000e+02   1.4930543e+00   0.0000000e+00
   7.4975000e+02   1.4458107e+00   0.0000000e+00
   7.5000000e+02   1.4866395e+00   0.0000000e+00
   7.5025000e+02   1.4422797e+00   0.0000000e+00
   7.5050000e+02   1.1040481e+00   0.0000000e+00
   7.5075000e+02   7.8146532e-01   0.0000000e+00
   7.5100000e+02   7.6409919e-01   0.0000000e+00
   7.5125000e+02   8.1161455e-01   0.0000000e+00
   7.5150000e+02   7.4831527e-01   0.0000000e+00
   7.5175000e+02   6.6000048e-01   0.0000000e+00
   7.5200000e+02   6.2456282e-01   0.0000000e+00
   7.5225000e+02   6.4077919e-01   0.0000000e+00
   7.5250000e+02   6.5828641e-01   0.0000000e+00
   7.5275000e+02   7.0432556e-01   0.0000000e+00
   7.5300000e+02   7.4373092e-01   0.0000000e+00
   7.5325000e+02   7.5438270e-01   0.0000000e+00
   7.5350000e+02   8.0451678e-01   0.0000000e+00
   7.5375000e+02   8.4794908e-01   0.0000000e+00
   7.5400000e+02   8.7807195e-01   0.0000000e+00
   7.5425000e+02   8.4451023e-01   0.0000000e+00
   7.5450000e+02   7.9786890e-01   0.0000000e+00
   7.5475000e+02   7.4589262e-01   0.0000000e+00
   7.5500000e+02   7.3168019e-01   0.0000000e+00
   7.5525000e+02   6.3417151e-01   0.0000000e+00
   7.5550000e+02   5.5509535e-01   0.0000000e+00
   7.5575000e+02   4.1313243e-01   0.0000000e+00
   7.5600000e+02   3.6923801e-01   0.0000000e+00
   7.5625000e+02   2.9326261e-01   0.0000000e+00
   7.5650000e+02   2.2632198e-01   0.0000000e+00
   7.5675000e+02   2.1688083e-01   0.0000000e+00
   7.5700000e+02   2.2742292e-01   0.0000000e+00
   7.5725000e+02   2.2514718e-01   0.0000000e+00
   7.5750000e+02   2.2684075e-01   0.0000000e+00
   7.5775000e+02   2.5435136e-01   0.0000000e+00
   7.5800000e+02   2.7782733e-01   0.0000000e+00
   7.5825000e+02   2.8154552e-01   0.0000000e+00
   7.5850000e+02   2.9933991e-01   0.0000000e+00
   7.5875000e+02   3.4183951e-01   0.0000000e+00
   7.5900000e+02   3.8126281e-01   0.0000000e+00
   7.5925000e+02   4.0006036e-01   0.0000000e+00
   7.5950000e+02   4.1208129e-01   0.0000000e+00
   7.5975000e+02   4.4555172e-01   0.0000000e+00
   7.6000000e+02   4.1582314e-01   0.0000000e+00
   7.6025000e+02   4.1666578e-01   0.0000000e+00
   7.6050000e+02   4.3965561e-01   0.0000000e+00
   7.6075000e+02   4.4349832e-01   0.0000000e+00
   7.6100000e+02   3.7775067e-01   0.0000000e+00
   7.6125000e+02   3.7885002e-01   0.0000000e+00
   7.6150000e+02   3.2216485e-01   0.0000000e+00
   7.6175000e+02   2.8470889e-01   0.0000000e+00
   7.6200000e+02   2.4419825e-01   0.0000000e+00
   7.6225000e+02   2.3006919e-01   0.0000000e+00
   7.6250000e+02   2.3736927e-01   0.0000000e+00
   7.6275000e+02   3.4405291e-01   0.0000000e+00
   7.6300000e+02   5.8399094e-01   0.0000000e+00
   7.6325000e+02   9.0402944e-01   0.0000000e+00
   7.6350000e+02   1.2175375e+00   0.0000000e+00
   7.6375000e+02   1.7005907e+00   0.0000000e+00
   7.6400000e+02   2.0943424e+00   0.0000000e+00
   7.6425000e+02   1.6726073e+00   0.0000000e+00
   7.6450000e+02   1.0517162e+00   0.0000000e+00
   7.6475000e+02   8.7501434e-01   0.0000000e+00
   7.6500000e+02   8.6693122e-01   0.0000000e+00
   7.6525000e+02   8.1116082e-01   0.0000000e+00
   7.6550000e+02   8.5186239e-01   0.0000000e+00
   7.6575000e+02   8.3670291e-01   0.0000000e+00
   7.6600000e+02   9.5676366e-01   0.0000000e+00
   7.6625000e+02   1.2088983e+00   0.0000000e+00
   7.6650000e+02   1.3355616e+00   0.0000000e+00
   7.6675000e+02   1.1887403e+00   0.0000000e+00
   7.6700000e+02   1.0669237e+00   0.0000000e+00
   7.6725000e+02   1.0175212e+00   0.0000000e+00
   7.6750000e+02   9.9131844e-01   0.0000000e+00
   7.6775000e+02   9.1055233e-01   0.0000000e+00
   7.6800000e+02   8.9216230e-01   0.0000000e+00
   7.6825000e+02   9.4981529e-01   0.0000000e+00
   7.6850000e+02   9.2970033e-01   0.0000000e+00
   7.6875000e+02   8.2248463e-01   0.0000000e+00
   7.6900000e+02   7.4390576e-01   0.0000000e+00
   7.6925000e+02   7.4231684e-01   0.0000000e+00
   7.6950000e+02   7.7539189e-01   0.0000000e+00
   7.6975000e+02   7.7529107e-01   0.0000000e+00
   7.7000000e+02   8.3485523e-01   0.0000000e+00
   7.7025000e+02   9.1128137e-01   0.0000000e+00
   7.7050000e+02   1.0363742e+00   0.0000000e+00
   7.7075000e+02   1.0126474e+00   0.0000000e+00
   7.7100000e+02   1.0394233e+00   0.0000000e+00
   7.7125000e+02   1.0751040e+00   0.0000000e+00
   7.7150000e+02   1.1308932e+00   0.0000000e+00
   7.7175000e+02   1.0552926e+00   0.0000000e+00
   7.7200000e+02   9.4909906e-01   0.0000000e+00
   7.7225000e+02   8.4213409e-01   0.0000000e+00
   7.7250000e+02   8.0141764e-01   0.0000000e+00
   7.7275000e+02   7.0607102e-01   0.0000000e+00
   7.7300000e+02   5.9199691e-01   0.0000000e+00
   7.7325000e+02   4.5221358e-01   0.0000000e+00
   7.7350000e+02   3.8059548e-01   0.0000000e+00
   7.7375000e+02   3.4288580e-01   0.0000000e+00
   7.7400000e+02   2.9912206e-01   0.0000000e+00
   7.7425000e+02   3.0950987e-01   0.0000000e+00
   7.7450000e+02   3.6651414e-01   0.0000000e+00
   7.7475000e+02   4.1882977e-01   0.0000000e+00
   7.7500000e+02   4.6496368e-01   0.0000000e+00
   7.7525000e+02   4.9068107e-01   0.0000000e+00
   7.7550000e+02   4.5488078e-01   0.0000000e+00
   7.7575000e+02   5.1019042e-01   0.0000000e+00
   7.7600000e+02   6.8939753e-01   0.0000000e+00
   7.7625000e+02   8.7771451e-01   0.0000000e+00
   7.7650000e+02   9.4618289e-01   0.0000000e+00
   7.7675000e+02   1.3988457e+00   0.0000000e+00
   7.7700000e+02   1.5686352e+00   0.0000000e+00
   7.7725000e+02   1.1461646e+00   0.0000000e+00
   7.7750000e+02   7.2504352e-01   0.0000000e+00
   7.7775000e+02   6.8299814e-01   0.0000000e+00
   7.7800000e+02   5.9236862e-01   0.0000000e+00
   7.7825000e+02   5.0640951e-01   0.0000000e+00
   7.7850000e+02   4.9132332e-01   0.0000000e+00
   7.7875000e+02   5.2530763e-01   0.0000000e+00
   7.7900000e+02   5.5178187e-01   0.0000000e+00
   7.7925000e+02   5.7674679e-01   0.0000000e+00
   7.7950000e+02   6.1183732e-01   0.0000000e+00
   7.7975000e+02   6.1674099e-01   0.0000000e+00
   7.8000000e+02   5.7150655e-01   0.0000000e+00
   7.8025000e+02   5.0241520e-01   0.0000000e+00
   7.8050000e+02   4.5084211e-01   0.0000000e+00
   7.8075000e+02   3.9609634e-01   0.0000000e+00
   7.8100000e+02   3.3162367e-01   0.0000000e+00
   7.8125000e+02   3.0703537e-01   0.0000000e+00
   7.8150000e+02   3.0021167e-01   0.0000000e+00
   7.8175000e+02   2.8491719e-01   0.0000000e+00
   7.8200000e+02   2.4827214e-01   0.0000000e+00
   7.8225000e+02   2.5035427e-01   0.0000000e+00
   7.8250000e+02   2.2899491e-01   0.0000000e+00
   7.8275000e+02   2.0536850e-01   0.0000000e+00
   7.8300000e+02   2.1139565e-01   0.0000000e+00
   7.8325000e+02   1.9534208e-01   0.0000000e+00
   7.8350000e+02   2.0827117e-01   0.0000000e+00
   7.8375000e+02   2.2571036e-01   0.0000000e+00
   7.8400000e+02   2.3373370e-01   0.0000000e+00
   7.8425000e+02   2.3403843e-01   0.0000000e+00
   7.8450000e+02   2.2077888e-01   0.0000000e+00
   7.8475000e+02   2.0644664e-01   0.0000000e+00
   7.8500000e+02   1.9034210e-01   0.0000000e+00
   7.8525000e+02   1.6686034e-01   0.0000000e+00
   7.8550000e+02   1.5912438e-01   0.0000000e+00
   7.8575000e+02   1.5369290e-01   0.0000000e+00
   7.8600000e+02   1.3552882e-01   0.0000000e+00
   7.8625000e+02   1.6012729e-01   0.0000000e+00
   7.8650000e+02   2.6400636e-01   0.0000000e+00
   7.8675000e+02   4.3997589e-01   0.0000000e+00
   7.8700000e+02   6.4927698e-01   0.0000000e+00
   7.8725000e+02   8.2478748e-01   0.0000000e+00
   7.8750000e+02   1.1926167e+00   0.0000000e+00
   7.8775000e+02   1.3888242e+00   0.0000000e+00
   7.8800000e+02   1.4212937e+00   0.0000000e+00
   7.8825000e+02   1.2134873e+00   0.0000000e+00
   7.8850000e+02   1.1972748e+00   0.0000000e+00
   7.8875000e+02   1.0964044e+00   0.0000000e+00
   7.8900000e+02   1.0650120e+00   0.0000000e+00
   7.8925000e+02   8.2212975e-01   0.0000000e+00
   7.8950000e+02   6.1248150e-01   0.0000000e+00
   7.8975000e+02   5.4093107e-01   0.0000000e+00
   7.9000000e+02   5.1998168e-01   0.0000000e+00
   7.9025000e+02   4.8476386e-01   0.0000000e+00
   7.9050000e+02   4.2229811e-01   0.0000000e+00
   7.9075000e+02   4.0827600e-01   0.0000000e+00
   7.9100000e+02   3.9632392e-01   0.0000000e+00
   7.9125000e+02   3.5323706e-01   0.0000000e+00
   7.9150000e+02   2.9622894e-01   0.0000000e+00
   7.9175000e+02   3.0184913e-01   0.0000000e+00
   7.9200000e+02   3.0634104e-01   0.0000000e+00
   7.9225000e+02   2.9031073e-01   0.0000000e+00
   7.9250000e+02   2.7893826e-01   0.0000000e+00
   7.9275000e+02   2.4759710e-01   0.0000000e+00
   7.9300000e+02   2.7693242e-01   0.0000000e+00
   7.9325000e+02   2.7943972e-01   0.0000000e+00
   7.9350000e+02   2.5295113e-01   0.0000000e+00
   7.9375000e+02   2.5714024e-01   0.0000000e+00
   7.9400000e+02   2.7582150e-01   0.0000000e+00
   7.9425000e+02   3.0954266e-01   0.0000000e+00
   7.9450000e+02   3.2482593e-01   0.0000000e+00
   7.9475000e+02   3.4006027e-01   0.0000000e+00
   7.9500000e+02   3.5840208e-01   0.0000000e+00
   7.9525000e+02   3.3121917e-01   0.0000000e+00
   7.9550000e+02   2.8572916e-01   0.0000000e+00
   7.9575000e+02   2.7564406e-01   0.0000000e+00
   7.9600000e+02   2.9947684e-01   0.0000000e+00
   7.9625000e+02   3.7163866e-01   0.0000000e+00
   7.9650000e+02   5.1698257e-01   0.0000000e+00
   7.9675000e+02   6.9879795e-01   0.0000000e+00
   7.9700000e+02   8.3782536e-01   0.0000000e+00
   7.9725000e+02   1.1212614e+00   0.0000000e+00
   7.9750000e+02   1.2972887e+00   0.0000000e+00
   7.9775000e+02   1.0458497e+00   0.0000000e+00
   7.9800000e+02   6.8470310e-01   0.0000000e+00
   7.9825000e+02   7.7679790e-01   0.0000000e+00
   7.9850000e+02   6.9492129e-01   0.0000000e+00
   7.9875000e+02   7.2544854e-01   0.0000000e+00
   7.9900000e+02   7.2674462e-01   0.0000000e+00
   7.9925000e+02   8.5653753e-01   0.0000000e+00
   7.9950000e+02   8.8259408e-01   0.0000000e+00
   7.9975000e+02   7.8744425e-01   0.0000000e+00
   8.0000000e+02   6.9232913e-01   0.0000000e+00
   8.0025000e+02   6.3345018e-01   0.0000000e+00
   8.0050000e+02   5.6223921e-01   0.0000000e+00
   8.0075000e+02   5.2320566e-01   0.0000000e+00
   8.0100000e+02   5.2258540e-01   0.0000000e+00
   8.0125000e+02   5.1035753e-01   0.0000000e+00
   8.0150000e+02   4.7921117e-01   0.0000000e+00
   8.0175000e+02   4.4818053e-01   0.0000000e+00
   8.0200000e+02   4.5299067e-01   0.0000000e+00
   8.0225000e+02   4.0948142e-01   0.0000000e+00
   8.0250000e+02   4.0169917e-01   0.0000000e+00
   8.0275000e+02   3.6950939e-01   0.0000000e+00
   8.0300000e+02   3.6552279e-01   0.0000000e+00
   8.0325000e+02   3.5006244e-01   0.0000000e+00
   8.0350000e+02   3.4668724e-01   0.0000000e+00
   8.0375000e+02   3.3521348e-01   0.0000000e+00
   8.0400000e+02   3.2862702e-01   0.0000000e+00
   8.0425000e+02   3.3483160e-01   0.0000000e+00
   8.0450000e+02   3.5556884e-01   0.0000000e+00
   8.0475000e+02   3.7986451e-01   0.0000000e+00
   8.0500000e+02   5.4150775e-01   0.0000000e+00
   8.0525000e+02   8.1007739e-01   0.0000000e+00
   8.0550000e+02   1.0590998e+00   0.0000000e+00
   8.0575000e+02   1.3155361e+00   0.0000000e+00
   8.0600000e+02   1.5632952e+00   0.0000000e+00
   8.0625000e+02   1.7005502e+00   0.0000000e+00
   8.0650000e+02   1.5501994e+00   0.0000000e+00
   8.0675000e+02   1.3432532e+00   0.0000000e+00
   8.0700000e+02   1.2980062e+00   0.0000000e+00
   8.0725000e+02   1.1540124e+00   0.0000000e+00
   8.0750000e+02   1.1139806e+00   0.0000000e+00
   8.0775000e+02   9.7552979e-01   0.0000000e+00
   8.0800000e+02   1.0028342e+00   0.0000000e+00
   8.0825000e+02   1.0024909e+00   0.0000000e+00
   8.0850000e+02   1.0863058e+00   0.0000000e+00
   8.0875000e+02   1.1186152e+00   0.0000000e+00
   8.0900000e+02   1.6364676e+00   0.0000000e+00
   8.0925000e+02   2.9486400e+00   0.0000000e+00
   8.0950000e+02   6.7418945e+00   0.0000000e+00
   8.0975000e+02   1.5164506e+01   0.0000000e+00
   8.1000000e+02   4.2459839e+01   0.0000000e+00
   8.1025000e+02   8.6092963e+01   0.0000000e+00
   8.1050000e+02   1.0000000e+02   0.0000000e+00
   8.1075000e+02   9.4776474e+01   0.0000000e+00
   8.1100000e+02   8.5403772e+01   0.0000000e+00
   8.1125000e+02   7.9775179e+01   0.0000000e+00
   8.1150000e+02   7.7669616e+01   0.0000000e+00
   8.1175000e+02   7.7218785e+01   0.0000000e+00
   8.1200000e+02   7.6630989e+01   0.0000000e+00
   8.1225000e+02   7.6009562e+01   0.0000000e+00
   8.1250000e+02   7.6567192e+01   0.0000000e+00
   8.1275000e+02   7.6572112e+01   0.0000000e+00
   8.1300000e+02   7.8689820e+01   0.0000000e+00
   8.1325000e+02   7.9826908e+01   0.0000000e+00
   8.1350000e+02   8.3277468e+01   0.0000000e+00
   8.1375000e+02   8.4568010e+01   0.0000000e+00
   8.1400000e+02   8.5502189e+01   0.0000000e+00
   8.1425000e+02   8.0892330e+01   0.0000000e+00
   8.1450000e+02   7.5642927e+01   0.0000000e+00
   8.1475000e+02   7.1347899e+01   0.0000000e+00
   8.1500000e+02   7.5317573e+01   0.0000000e+00
   8.1525000e+02   7.3057480e+01   0.0000000e+00
   8.1550000e+02   7.1053752e+01   0.0000000e+00
   8.1575000e+02   6.5939005e+01   0.0000000e+00
   8.1600000e+02   6.1140714e+01   0.0000000e+00
   8.1625000e+02   5.5581332e+01   0.0000000e+00
   8.1650000e+02   5.0454506e+01   0.0000000e+00
   8.1675000e+02   4.6707153e+01   0.0000000e+00
   8.1700000e+02   4.4806396e+01   0.0000000e+00
   8.1725000e+02   4.4053243e+01   0.0000000e+00
   8.1750000e+02   4.4181808e+01   0.0000000e+00
   8.1775000e+02   4.5484512e+01   0.0000000e+00
   8.1800000e+02   4.7918091e+01   0.0000000e+00
   8.1825000e+02   5.1881405e+01   0.0000000e+00
   8.1850000e+02   5.5685171e+01   0.0000000e+00
   8.1875000e+02   5.8189891e+01   0.0000000e+00
   8.1900000e+02   5.8166074e+01   0.0000000e+00
   8.1925000e+02   5.5610228e+01   0.0000000e+00
   8.1950000e+02   5.4563445e+01   0.0000000e+00
   8.1975000e+02   5.1093625e+01   0.0000000e+00
   8.2000000e+02   4.8403589e+01   0.0000000e+00
   8.2025000e+02   4.3492323e+01   0.0000000e+00
   8.2050000e+02   4.2924028e+01   0.0000000e+00
   8.2075000e+02   4.2297224e+01   0.0000000e+00
   8.2100000e+02   4.2451546e+01   0.0000000e+00
   8.2125000e+02   4.1074024e+01   0.0000000e+00
   8.2150000e+02   4.0615816e+01   0.0000000e+00
   8.2175000e+02   3.9636566e+01   0.0000000e+00
   8.2200000e+02   3.9147692e+01   0.0000000e+00
   8.2225000e+02   3.9034094e+01   0.0000000e+00
   8.2250000e+02   4.0128464e+01   0.0000000e+00
   8.2275000e+02   4.1679369e+01   0.0000000e+00
   8.2300000e+02   4.1540223e+01   0.0000000e+00
   8.2325000e+02   4.1530278e+01   0.0000000e+00
   8.2350000e+02   4.3725895e+01   0.0000000e+00
   8.2375000e+02   4.5423753e+01   0.0000000e+00
   8.2400000e+02   4.4894714e+01   0.0000000e+00
   8.2425000e+02   4.2193372e+01   0.0000000e+00
   8.2450000e+02   3.7596354e+01   0.0000000e+00
   8.2475000e+02   3.3155233e+01   0.0000000e+00
   8.2500000e+02   3.1006950e+01   0.0000000e+00
   8.2525000e+02   2.9460371e+01   0.0000000e+00
   8.2550000e+02   2.9963758e+01   0.0000000e+00
   8.2575000e+02   3.0151496e+01   0.0000000e+00
   8.2600000e+02   3.0699490e+01   0.0000000e+00
   8.2625000e+02   3.0650636e+01   0.0000000e+00
   8.2650000e+02   3.2142896e+01   0.0000000e+00
   8.2675000e+02   3.3651770e+01   0.0000000e+00
   8.2700000e+02   3.6133481e+01   0.0000000e+00
   8.2725000e+02   3.7803473e+01   0.0000000e+00
   8.2750000e+02   3.9428235e+01   0.0000000e+00
   8.2775000e+02   3.9811567e+01   0.0000000e+00
   8.2800000e+02   3.9489696e+01   0.0000000e+00
   8.2825000e+02   3.7854131e+01   0.0000000e+00
   8.2850000e+02   3.5180219e+01   0.0000000e+00
   8.2875000e+02   3.2878740e+01   0.0000000e+00
   8.2900000e+02   3.1181920e+01   0.0000000e+00
   8.2925000e+02   3.0516581e+01   0.0000000e+00
   8.2950000e+02   2.9309262e+01   0.0000000e+00
   8.2975000e+02   2.8650696e+01   0.0000000e+00
   8.3000000e+02   2.7540093e+01   0.0000000e+00
   8.3025000e+02   2.6572110e+01   0.0000000e+00
   8.3050000e+02   2.3153877e+01   0.0000000e+00
   8.3075000e+02   1.5361672e+01   0.0000000e+00
   8.3100000e+02   5.6502519e+00   0.0000000e+00
   8.3125000e+02   2.2307124e+00   0.0000000e+00
   8.3150000e+02   1.0434890e+00   0.0000000e+00
   8.3175000e+02   7.3674679e-01   0.0000000e+00
   8.3200000e+02   5.7051327e-01   0.0000000e+00
   8.3225000e+02   3.6105308e-01   0.0000000e+00
   8.3250000e+02   2.2361581e-01   0.0000000e+00
   8.3275000e+02   1.4747704e-01   0.0000000e+00
   8.3300000e+02   1.0182502e-01   0.0000000e+00
   8.3325000e+02   9.2159173e-02   0.0000000e+00
   8.3350000e+02   1.1686685e-01   0.0000000e+00
   8.3375000e+02   1.4770655e-01   0.0000000e+00
   8.3400000e+02   1.5795945e-01   0.0000000e+00
   8.3425000e+02   1.6016773e-01   0.0000000e+00
   8.3450000e+02   1.7761470e-01   0.0000000e+00
   8.3475000e+02   1.8123484e-01   0.0000000e+00
   8.3500000e+02   1.5019263e-01   0.0000000e+00
   8.3525000e+02   1.3789898e-01   0.0000000e+00
   8.3550000e+02   1.2178500e-01   0.0000000e+00
   8.3575000e+02   9.3201861e-02   0.0000000e+00
   8.3600000e+02   7.1959305e-02   0.0000000e+00
   8.3625000e+02   1.0124905e-01   0.0000000e+00
   8.3650000e+02   1.4707394e-01   0.0000000e+00
   8.3675000e+02   1.5382434e-01   0.0000000e+00
   8.3700000e+02   2.3478869e-01   0.0000000e+00
   8.3725000e+02   2.4474910e-01   0.0000000e+00
   8.3750000e+02   2.2716459e-01   0.0000000e+00
   8.3775000e+02   2.3830083e-01   0.0000000e+00
   8.3800000e+02   2.8567195e-01   0.0000000e+00
   8.3825000e+02   3.2106656e-01   0.0000000e+00
   8.3850000e+02   3.5637310e-01   0.0000000e+00
   8.3875000e+02   3.9785144e-01   0.0000000e+00
   8.3900000e+02   3.9117069e-01   0.0000000e+00
   8.3925000e+02   3.4969792e-01   0.0000000e+00
   8.3950000e+02   3.1390149e-01   0.0000000e+00
   8.3975000e+02   2.7063831e-01   0.0000000e+00
   8.4000000e+02   2.0976783e-01   0.0000000e+00
   8.4025000e+02   1.5300080e-01   0.0000000e+00
   8.4050000e+02   1.1473576e-01   0.0000000e+00
   8.4075000e+02   9.1442899e-02   0.0000000e+00
   8.4100000e+02   7.7112756e-02   0.0000000e+00
   8.4125000e+02   7.6999695e-02   0.0000000e+00
   8.4150000e+02   8.3703079e-02   0.0000000e+00
   8.4175000e+02   1.1203163e-01   0.0000000e+00
   8.4200000e+02   1.9190583e-01   0.0000000e+00
   8.4225000e+02   2.8725759e-01   0.0000000e+00
   8.4250000e+02   3.3801779e-01   0.0000000e+00
   8.4275000e+02   4.6464380e-01   0.0000000e+00
   8.4300000e+02   4.0218309e-01   0.0000000e+00
   8.4325000e+02   2.1424625e-01   0.0000000e+00
   8.4350000e+02   1.1823814e-01   0.0000000e+00
   8.4375000e+02   9.6406925e-02   0.0000000e+00
   8.4400000e+02   9.9192362e-02   0.0000000e+00
   8.4425000e+02   1.0000627e-01   0.0000000e+00
   8.4450000e+02   1.1065838e-01   0.0000000e+00
   8.4475000e+02   1.2327587e-01   0.0000000e+00
   8.4500000e+02   1.3519428e-01   0.0000000e+00
   8.4525000e+02   1.5206924e-01   0.0000000e+00
   8.4550000e+02   1.7785193e-01   0.0000000e+00
   8.4575000e+02   1.9218075e-01   0.0000000e+00
   8.4600000e+02   1.7421442e-01   0.0000000e+00
   8.4625000e+02   1.6390173e-01   0.0000000e+00
   8.4650000e+02   1.4801111e-01   0.0000000e+00
   8.4675000e+02   1.7267919e-01   0.0000000e+00
   8.4700000e+02   1.3209075e-01   0.0000000e+00
   8.4725000e+02   1.0228598e-01   0.0000000e+00
   8.4750000e+02   9.3076497e-02   0.0000000e+00
   8.4775000e+02   7.2343113e-02   0.0000000e+00
   8.4800000e+02   4.7191862e-02   0.0000000e+00
   8.4825000e+02   5.3787218e-02   0.0000000e+00
   8.4850000e+02   3.6196885e-02   0.0000000e+00
   8.4875000e+02   2.6301502e-02   0.0000000e+00
   8.4900000e+02   4.9817980e-02   0.0000000e+00
   8.4925000e+02   4.0460125e-02   0.0000000e+00
   8.4950000e+02   4.2693411e-02   0.0000000e+00
   8.4975000e+02   6.0150022e-02   0.0000000e+00
   8.5000000e+02   6.3170279e-02   0.0000000e+00
