  -1.3500000e+02  -3.0000000e+01  -9.7915075e-02   1.0404114e-01  -3.8137051e-01   4.5158885e-01  -5.4341638e-04  -4.9539623e-02
  -1.3500000e+02  -3.3000000e+01  -9.8684778e-02   1.0496750e-01  -3.9062545e-01   4.6320840e-01  -4.8890913e-04  -4.9542631e-02
  -1.3500000e+02  -3.6000000e+01  -9.9456046e-02   1.0614357e-01  -3.9776316e-01   4.7221778e-01  -5.5913799e-04  -4.9480774e-02
  -1.3500000e+02  -3.9000000e+01  -1.0028096e-01   1.0722085e-01  -4.0274616e-01   4.7863384e-01  -4.8912473e-04  -4.9557269e-02
  -1.3500000e+02  -4.2000000e+01  -1.0127073e-01   1.0843271e-01  -4.0545986e-01   4.8224710e-01  -6.1609066e-04  -4.9447461e-02
  -1.3500000e+02  -4.5000000e+01  -1.0248417e-01   1.1008240e-01  -4.0591880e-01   4.8308972e-01  -5.9523381e-04  -4.9482531e-02
  -1.3500000e+02  -4.8000000e+01  -1.0372471e-01   1.1167893e-01  -4.0415536e-01   4.8125718e-01  -5.5183047e-04  -4.9590888e-02
  -1.3500000e+02  -5.1000000e+01  -1.0539549e-01   1.1363401e-01  -4.0011818e-01   4.7661563e-01  -5.4835492e-04  -4.9652029e-02
  -1.3500000e+02  -5.4000000e+01  -1.0730532e-01   1.1599574e-01  -3.9391616e-01   4.6934078e-01  -5.7414710e-04  -4.9730681e-02
  -1.3500000e+02  -5.7000000e+01  -1.0962779e-01   1.1886188e-01  -3.8551342e-01   4.5935621e-01  -5.4148845e-04  -4.9901169e-02
  -1.3500000e+02  -6.0000000e+01  -1.1200509e-01   1.2161332e-01  -3.7493187e-01   4.4666372e-01  -5.7938034e-04  -5.0045547e-02
  -1.3500000e+02  -6.3000000e+01  -1.1550618e-01   1.2584138e-01  -3.6212791e-01   4.3129463e-01  -6.1299299e-04  -5.0297636e-02
  -1.3500000e+02  -6.6000000e+01  -1.1982146e-01   1.3086491e-01  -3.4676639e-01   4.1274008e-01  -5.4854855e-04  -5.0795198e-02
  -1.3500000e+02  -6.9000000e+01  -1.2566068e-01   1.3758877e-01  -3.2829266e-01   3.9030212e-01  -6.6635351e-04  -5.1252607e-02
  -1.3500000e+02  -7.2000000e+01  -1.3537158e-01   1.4880044e-01  -3.0566972e-01   3.6275945e-01  -6.4594755e-04  -5.2116914e-02
  -1.3500000e+02  -7.5000000e+01  -1.5097794e-01   1.6592472e-01  -2.6755446e-01   3.1622207e-01  -2.9734245e-04  -5.3862630e-02
  -1.2000000e+02  -9.0000000e+01  -2.3940805e-01   2.5140771e-01  -1.4655182e-01   1.6843112e-01   2.4065161e-05  -1.5958107e-02
  -1.2292635e+02  -8.9711766e+01  -1.9614028e-01   2.0535392e-01  -1.3924095e-01   1.6229962e-01  -1.3026481e-04  -2.2538870e-02
  -1.3471177e+02  -7.7926352e+01  -1.4225077e-01   1.5382732e-01  -2.1128693e-01   2.5034607e-01  -4.6740516e-04  -5.3888260e-02
  -1.2574024e+02  -8.8858171e+01  -1.7041562e-01   1.7778434e-01  -1.3097244e-01   1.5461289e-01  -2.7503536e-04  -2.9755506e-02
  -1.3385817e+02  -8.0740242e+01  -1.3176723e-01   1.4007962e-01  -1.7973769e-01   2.1367780e-01  -4.5136855e-04  -5.2089348e-02
  -1.3247203e+02  -8.3333546e+01  -1.3004452e-01   1.3654718e-01  -1.5632663e-01   1.8642389e-01  -5.3173965e-04  -4.8308626e-02
  -1.2833355e+02  -8.7472033e+01  -1.5067679e-01   1.5697428e-01  -1.3107093e-01   1.5604442e-01  -2.5427053e-04  -3.6943613e-02
  -1.3060660e+02  -8.5606602e+01  -1.3712584e-01   1.4293060e-01  -1.3946860e-01   1.6639546e-01  -2.9747096e-04  -4.3328638e-02
  -1.3500000e+02   1.5000000e+01  -1.3601117e-01   1.4358399e-01  -4.3927102e-02   4.5270133e-02  -4.9644146e-04  -5.3950587e-02
  -1.3500000e+02   1.2000000e+01  -1.1732593e-01   1.2345080e-01  -7.9353184e-02   8.5464469e-02  -4.9677634e-04  -5.2588627e-02
  -1.3500000e+02   9.0000000e+00  -1.1012647e-01   1.1581499e-01  -1.0938286e-01   1.2057617e-01  -3.8856555e-04  -5.1854693e-02
  -1.3500000e+02   6.0000000e+00  -1.0568204e-01   1.1102565e-01  -1.3818960e-01   1.5470500e-01  -4.8946335e-04  -5.1158716e-02
  -1.3500000e+02   3.0000000e+00  -1.0286189e-01   1.0798046e-01  -1.6584031e-01   1.8776131e-01  -5.5033491e-04  -5.0606066e-02
  -1.3500000e+02   5.9119376e-15  -1.0078459e-01   1.0588674e-01  -1.9238395e-01   2.1971585e-01  -5.3600486e-04  -5.0344528e-02
  -1.3500000e+02  -3.0000000e+00  -9.9226854e-02   1.0415115e-01  -2.1770448e-01   2.5036542e-01  -5.6127168e-04  -5.0097758e-02
  -1.3500000e+02  -6.0000000e+00  -9.8199649e-02   1.0318374e-01  -2.4185603e-01   2.7974782e-01  -4.9093698e-04  -4.9989314e-02
  -1.3500000e+02  -9.0000000e+00  -9.7485148e-02   1.0246965e-01  -2.6469169e-01   3.0761637e-01  -5.2343128e-04  -4.9847858e-02
  -1.3500000e+02  -1.2000000e+01  -9.7018327e-02   1.0211896e-01  -2.8617747e-01   3.3393719e-01  -5.6175020e-04  -4.9718998e-02
  -1.3500000e+02  -1.5000000e+01  -9.6604677e-02   1.0172168e-01  -3.0623124e-01   3.5855840e-01  -5.4164744e-04  -4.9667990e-02
  -1.3500000e+02  -1.8000000e+01  -9.6589193e-02   1.0187581e-01  -3.2475131e-01   3.8137265e-01  -5.3924335e-04  -4.9623459e-02
  -1.3500000e+02  -2.1000000e+01  -9.6819285e-02   1.0241653e-01  -3.4161484e-01   4.0219280e-01  -4.5273924e-04  -4.9706858e-02
  -1.3500000e+02  -2.4000000e+01  -9.7046077e-02   1.0282054e-01  -3.5675953e-01   4.2098280e-01  -5.8517462e-04  -4.9506835e-02
  -1.3500000e+02  -2.7000000e+01  -9.7345218e-02   1.0328500e-01  -3.6999640e-01   4.3740300e-01  -5.4252793e-04  -4.9496081e-02
  -1.2000000e+02   3.0000000e+01  -4.8721833e-01   5.2204702e-01   1.1590868e-01  -1.2822010e-01  -7.9004936e-05  -1.6589042e-02
  -1.2292635e+02   2.9711766e+01  -3.9265020e-01   4.1869615e-01   7.1506122e-02  -8.0645803e-02  -1.3756085e-04  -2.3158010e-02
  -1.2574024e+02   2.8858171e+01  -3.3868191e-01   3.5991240e-01   2.9363581e-02  -3.5457232e-02  -2.1165210e-04  -3.0397631e-02
  -1.2833355e+02   2.7472033e+01  -2.9392787e-01   3.1158373e-01   3.6102988e-04  -4.4862071e-03  -2.0203371e-04  -3.7496958e-02
  -1.3060660e+02   2.5606602e+01  -2.5511220e-01   2.6995500e-01  -1.8906574e-02   1.6156250e-02  -3.1729148e-04  -4.3745813e-02
  -1.3247203e+02   2.3333546e+01  -2.2175649e-01   2.3441852e-01  -3.0271320e-02   2.8478084e-02  -4.5592341e-04  -4.8777412e-02
  -1.3385817e+02   2.0740242e+01  -1.9215239e-01   2.0305424e-01  -3.5707012e-02   3.4645331e-02  -5.0603141e-04  -5.2396750e-02
  -1.3471177e+02   1.7926352e+01  -1.6616969e-01   1.7566934e-01  -3.8566393e-02   3.8340056e-02  -3.6033398e-04  -5.4350362e-02
  -9.0000000e+01  -9.0000000e+01  -1.2470543e-01   1.0175429e-01  -1.3091285e-01   1.5759862e-01   1.7973634e-04   1.5262160e-02
  -9.3000000e+01  -9.0000000e+01  -1.6592055e-01   1.4549880e-01  -1.1510762e-01   1.3820535e-01   1.5591800e-04   1.0318244e-02
  -9.6000000e+01  -9.0000000e+01  -1.9381876e-01   1.7731821e-01  -1.1054148e-01   1.3182672e-01   1.4783942e-04   6.7340506e-03
  -9.9000000e+01  -9.0000000e+01  -2.1637892e-01   2.0411684e-01  -1.0890462e-01   1.2912317e-01   8.4611977e-05   4.0249523e-03
  -1.0200000e+02  -9.0000000e+01  -2.3459722e-01   2.2664503e-01  -1.0880579e-01   1.2829860e-01   3.0580422e-05   1.8201023e-03
  -1.0500000e+02  -9.0000000e+01  -2.4871652e-01   2.4498555e-01  -1.0973717e-01   1.2873919e-01   3.3777171e-05  -2.2034156e-04
  -1.0800000e+02  -9.0000000e+01  -2.5876608e-01   2.5906862e-01  -1.1187437e-01   1.3060753e-01  -7.6928367e-05  -2.1532590e-03
  -1.1100000e+02  -9.0000000e+01  -2.6471298e-01   2.6877882e-01  -1.1575149e-01   1.3449203e-01  -9.5928397e-05  -4.3973587e-03
  -1.1400000e+02  -9.0000000e+01  -2.6600452e-01   2.7347248e-01  -1.2096317e-01   1.3993061e-01  -2.7468600e-04  -6.9805881e-03
  -1.1700000e+02  -9.0000000e+01  -2.6063176e-01   2.7089352e-01  -1.2970289e-01   1.4938472e-01  -1.6132186e-04  -1.0756032e-02
   1.2000000e+02   3.0000000e+01  -4.8684116e-01   5.2165270e-01  -1.1483684e-01   1.2705143e-01   1.6256609e-04   1.6512917e-02
   1.1700000e+02   3.0000000e+01  -5.8187177e-01   6.2585445e-01  -1.0654702e-01   1.1808076e-01   9.6750555e-05   1.1758169e-02
   1.1400000e+02   3.0000000e+01  -6.4628933e-01   6.9740504e-01  -9.7214570e-02   1.0810511e-01   7.6316132e-05   8.4551253e-03
   1.1100000e+02   3.0000000e+01  -7.0373216e-01   7.6162078e-01  -9.0866328e-02   1.0143506e-01   4.9950319e-06   6.1783924e-03
   1.0800000e+02   3.0000000e+01  -7.5750898e-01   8.2209168e-01  -8.6068118e-02   9.6343716e-02  -5.1604859e-05   4.5638317e-03
   1.0500000e+02   3.0000000e+01  -8.0867254e-01   8.7991475e-01  -8.1970745e-02   9.2055519e-02  -1.1498622e-04   3.4199413e-03
   1.0200000e+02   3.0000000e+01  -8.5805957e-01   9.3596869e-01  -7.8538776e-02   8.8418593e-02   3.6458082e-07   2.4205862e-03
   9.9000000e+01   3.0000000e+01  -9.0602916e-01   9.9059892e-01  -7.5389224e-02   8.5096557e-02   8.8023972e-05   1.7025194e-03
   9.6000000e+01   3.0000000e+01  -9.5284444e-01   1.0440913e+00  -7.2326584e-02   8.1875974e-02   6.3150247e-05   1.2752455e-03
   9.3000000e+01   3.0000000e+01  -9.9868899e-01   1.0966025e+00  -6.9756944e-02   7.9151191e-02  -3.9028260e-05   1.0408651e-03
   9.0000000e+01   3.0000000e+01  -1.0435367e+00   1.1480867e+00  -6.7319112e-02   7.6543401e-02   2.8044025e-06   7.5675922e-04
   8.7000000e+01   3.0000000e+01  -1.0873514e+00   1.1984895e+00  -6.4526601e-02   7.3551350e-02  -6.1057426e-05   6.3976995e-04
   8.4000000e+01   3.0000000e+01  -1.1301836e+00   1.2478284e+00  -6.2147989e-02   7.0973630e-02  -3.9605693e-05   4.7984322e-04
   8.1000000e+01   3.0000000e+01  -1.1719923e+00   1.2960294e+00  -6.0084444e-02   6.8723550e-02   6.8735417e-05   2.5731656e-04
   7.8000000e+01   3.0000000e+01  -1.2125750e+00   1.3428744e+00  -5.7795252e-02   6.6204778e-02   1.1972031e-04   1.3814394e-04
   7.5000000e+01   3.0000000e+01  -1.2518308e+00   1.3882084e+00  -5.5414077e-02   6.3592202e-02  -3.4547059e-05   2.3363062e-04
   7.2000000e+01   3.0000000e+01  -1.2897418e+00   1.4319992e+00  -5.3259548e-02   6.1206401e-02  -1.5505479e-05   1.6285461e-04
   6.9000000e+01   3.0000000e+01  -1.3261596e+00   1.4740681e+00  -5.0983691e-02   5.8672989e-02   3.4413057e-05   8.1763794e-05
   6.6000000e+01   3.0000000e+01  -1.3609256e+00   1.5142406e+00  -4.8760926e-02   5.6178494e-02   3.5949220e-05   4.8997055e-05
   6.3000000e+01   3.0000000e+01  -1.3941212e+00   1.5525527e+00  -4.6617266e-02   5.3749421e-02   8.9144583e-05  -2.6313308e-05
   6.0000000e+01   3.0000000e+01  -1.4254605e+00   1.5887407e+00  -4.4423857e-02   5.1253538e-02  -1.8560854e-06   4.9714318e-05
   5.7000000e+01   3.0000000e+01  -1.4550781e+00   1.6228838e+00  -4.2096961e-02   4.8656191e-02   3.2272077e-05   1.1199078e-05
   5.4000000e+01   3.0000000e+01  -1.4828434e+00   1.6548833e+00  -3.9975910e-02   4.6220372e-02  -6.9468888e-05   1.0144039e-04
   5.1000000e+01   3.0000000e+01  -1.5086964e+00   1.6846571e+00  -3.7649019e-02   4.3569696e-02   6.5453986e-06   1.6186807e-05
   4.8000000e+01   3.0000000e+01  -1.5326960e+00   1.7122616e+00  -3.5122958e-02   4.0724293e-02   1.0398930e-05   4.5567195e-06
   4.5000000e+01   3.0000000e+01  -1.5549966e+00   1.7378767e+00  -3.3217099e-02   3.8498910e-02   2.3354145e-05  -1.6196894e-05
   4.2000000e+01   3.0000000e+01  -1.5755010e+00   1.7613954e+00  -3.1054629e-02   3.6003961e-02   1.1095650e-05  -1.6061942e-06
   3.9000000e+01   3.0000000e+01  -1.5942468e+00   1.7828773e+00  -2.8739619e-02   3.3346073e-02  -6.8189743e-05   7.6252473e-05
   3.6000000e+01   3.0000000e+01  -1.6112647e+00   1.8023575e+00  -2.6662844e-02   3.0920833e-02   1.5886667e-05  -6.5397884e-06
   3.3000000e+01   3.0000000e+01  -1.6266572e+00   1.8199606e+00  -2.4301612e-02   2.8214239e-02  -8.3763904e-05   8.5922905e-05
   3.0000000e+01   3.0000000e+01  -1.6405531e+00   1.8358193e+00  -2.2106521e-02   2.5685721e-02   3.4893206e-05  -2.8112324e-05
   2.7000000e+01   3.0000000e+01  -1.6528507e+00   1.8498537e+00  -2.0009871e-02   2.3233344e-02   8.1485926e-06  -6.3149496e-06
   2.4000000e+01   3.0000000e+01  -1.6637334e+00   1.8622492e+00  -1.7791508e-02   2.0651036e-02   1.9175383e-05  -1.5364795e-05
   2.1000000e+01   3.0000000e+01  -1.6731515e+00   1.8729810e+00  -1.5552291e-02   1.8048649e-02  -8.7782069e-05   8.3971724e-05
   1.8000000e+01   3.0000000e+01  -1.6813202e+00   1.8822588e+00  -1.3283705e-02   1.5438913e-02   4.2668643e-05  -3.9707064e-05
   1.5000000e+01   3.0000000e+01  -1.6881170e+00   1.8899826e+00  -1.0988627e-02   1.2793041e-02  -6.4464057e-05   6.1683726e-05
   1.2000000e+01   3.0000000e+01  -1.6936031e+00   1.8962160e+00  -8.7551465e-03   1.0201391e-02   5.3206484e-06  -3.1899665e-06
   9.0000000e+00   3.0000000e+01  -1.6978840e+00   1.9010699e+00  -6.5662554e-03   7.6455105e-03  -7.6009387e-05   7.1026367e-05
   6.0000000e+00   3.0000000e+01  -1.7008960e+00   1.9044904e+00  -4.4569596e-03   5.1724258e-03   5.7148572e-05  -5.3957159e-05
   3.0000000e+00   3.0000000e+01  -1.7027299e+00   1.9065645e+00  -2.2042075e-03   2.5647477e-03  -5.8545264e-05   5.3033172e-05
  -4.4408921e-16   3.0000000e+01  -1.7033248e+00   1.9072387e+00   4.2483607e-05  -4.4004473e-05   5.9393769e-05  -5.6113332e-05
  -3.0000000e+00   3.0000000e+01  -1.7027432e+00   1.9065734e+00   2.1143116e-03  -2.4845466e-03  -3.9809722e-05   3.6030768e-05
  -6.0000000e+00   3.0000000e+01  -1.7008659e+00   1.9044577e+00   4.4422107e-03  -5.1601810e-03   1.3494582e-04  -1.2957314e-04
  -9.0000000e+00   3.0000000e+01  -1.6978679e+00   1.9010466e+00   6.6489451e-03  -7.7384643e-03  -5.4992531e-05   5.0088522e-05
  -1.2000000e+01   3.0000000e+01  -1.6935892e+00   1.8961976e+00   8.9768687e-03  -1.0415879e-02  -1.4337253e-05   1.2675087e-05
  -1.5000000e+01   3.0000000e+01  -1.6881178e+00   1.8899754e+00   1.1334531e-02  -1.3125111e-02  -6.3231670e-05   5.9226925e-05
  -1.8000000e+01   3.0000000e+01  -1.6813269e+00   1.8822550e+00   1.3389804e-02  -1.5532681e-02   4.1177303e-05  -3.8252128e-05
  -2.1000000e+01   3.0000000e+01  -1.6732114e+00   1.8730202e+00   1.5392016e-02  -1.7924513e-02   6.5407282e-05  -6.6991306e-05
  -2.4000000e+01   3.0000000e+01  -1.6636915e+00   1.8622017e+00   1.7674372e-02  -2.0556234e-02  -3.3434863e-05   2.6945342e-05
  -2.7000000e+01   3.0000000e+01  -1.6528618e+00   1.8498491e+00   2.0181275e-02  -2.3399205e-02  -6.8434052e-05   6.3526638e-05
  -3.0000000e+01   3.0000000e+01  -1.6405499e+00   1.8357997e+00   2.2078822e-02  -2.5664864e-02   7.4336347e-05  -7.9091348e-05
  -3.3000000e+01   3.0000000e+01  -1.6266210e+00   1.8199115e+00   2.4175825e-02  -2.8113701e-02   1.7214702e-05  -2.7938778e-05
  -3.6000000e+01   3.0000000e+01  -1.6112768e+00   1.8023545e+00   2.6594426e-02  -3.0876818e-02  -4.7972772e-05   3.7563307e-05
  -3.9000000e+01   3.0000000e+01  -1.5941895e+00   1.7828004e+00   2.8788608e-02  -3.3410268e-02  -1.0053041e-05   2.0140736e-06
  -4.2000000e+01   3.0000000e+01  -1.5755012e+00   1.7613704e+00   3.0938016e-02  -3.5903243e-02   4.2268267e-05  -5.6367198e-05
  -4.5000000e+01   3.0000000e+01  -1.5550018e+00   1.7378590e+00   3.3116973e-02  -3.8416014e-02   1.7609984e-05  -3.3059802e-05
  -4.8000000e+01   3.0000000e+01  -1.5327056e+00   1.7122530e+00   3.5258218e-02  -4.0875616e-02  -9.2960468e-05   6.9715387e-05
  -5.1000000e+01   3.0000000e+01  -1.5086558e+00   1.6845900e+00   3.7720379e-02  -4.3653073e-02   9.1640861e-06  -2.9710493e-05
  -5.4000000e+01   3.0000000e+01  -1.4827972e+00   1.6548095e+00   3.9915488e-02  -4.6174153e-02   2.5686620e-06  -3.7745248e-05
  -5.7000000e+01   3.0000000e+01  -1.4550113e+00   1.6227934e+00   4.2127322e-02  -4.8692011e-02   9.5348019e-06  -5.8209833e-05
  -6.0000000e+01   3.0000000e+01  -1.4254293e+00   1.5886778e+00   4.4207751e-02  -5.1065795e-02  -5.5764479e-05  -1.1780621e-06
  -6.3000000e+01   3.0000000e+01  -1.3940371e+00   1.5524525e+00   4.6699107e-02  -5.3823816e-02   5.2401497e-05  -1.1800585e-04
  -6.6000000e+01   3.0000000e+01  -1.3609918e+00   1.5142717e+00   4.8622693e-02  -5.6055148e-02   5.9262353e-06  -1.0283872e-04
  -6.9000000e+01   3.0000000e+01  -1.3261003e+00   1.4739888e+00   5.0848562e-02  -5.8548509e-02   2.1271363e-05  -1.4061647e-04
  -7.2000000e+01   3.0000000e+01  -1.2897487e+00   1.4319806e+00   5.3277876e-02  -6.1237236e-02  -2.4591496e-05  -1.2702728e-04
  -7.5000000e+01   3.0000000e+01  -1.2518307e+00   1.3881810e+00   5.5403849e-02  -6.3606925e-02   1.1580763e-05  -2.0686050e-04
  -7.8000000e+01   3.0000000e+01  -1.2124928e+00   1.3427655e+00   5.7583152e-02  -6.6005682e-02  -5.9476913e-05  -2.0534719e-04
  -8.1000000e+01   3.0000000e+01  -1.1719822e+00   1.2959969e+00   5.9992476e-02  -6.8621949e-02  -6.2365945e-05  -2.6491069e-04
  -8.4000000e+01   3.0000000e+01  -1.1302295e+00   1.2478515e+00   6.2508798e-02  -7.1362433e-02   1.8116563e-05  -4.6042517e-04
  -8.7000000e+01   3.0000000e+01  -1.0874214e+00   1.1985367e+00   6.4794933e-02  -7.3854443e-02  -7.7077185e-06  -5.6962489e-04
  -9.0000000e+01   3.0000000e+01  -1.0435325e+00   1.1480639e+00   6.7275238e-02  -7.6498551e-02   5.7088469e-05  -8.0720169e-04
  -9.3000000e+01   3.0000000e+01  -9.9862488e-01   1.0965121e+00   6.9633104e-02  -7.9012879e-02  -8.6062372e-06  -1.0054756e-03
  -9.6000000e+01   3.0000000e+01  -9.5285341e-01   1.0440798e+00   7.2436785e-02  -8.1976977e-02  -3.7512384e-06  -1.3313211e-03
  -9.9000000e+01   3.0000000e+01  -9.0605237e-01   9.9059191e-01   7.5469141e-02  -8.5217730e-02   7.2029878e-05  -1.8708197e-03
  -1.0200000e+02   3.0000000e+01  -8.5809822e-01   9.3597766e-01   7.8655247e-02  -8.8583771e-02  -4.9587315e-05  -2.3678544e-03
  -1.0500000e+02   3.0000000e+01  -8.0862907e-01   8.7985217e-01   8.1893473e-02  -9.1990534e-02  -2.3440333e-05  -3.2674270e-03
  -1.0800000e+02   3.0000000e+01  -7.5749909e-01   8.2206254e-01   8.5904889e-02  -9.6197773e-02  -1.2618408e-04  -4.3744595e-03
  -1.1100000e+02   3.0000000e+01  -7.0372732e-01   7.6161341e-01   9.0729715e-02  -1.0129308e-01  -3.7297123e-06  -6.1782515e-03
  -1.1400000e+02   3.0000000e+01  -6.4614971e-01   6.9723234e-01   9.6991891e-02  -1.0790965e-01  -7.9354089e-05  -8.4630990e-03
  -1.1700000e+02   3.0000000e+01  -5.8183159e-01   6.2578898e-01   1.0605393e-01  -1.1756172e-01  -2.8656490e-04  -1.1571671e-02
  -7.5000000e+01  -7.5000000e+01   1.0040477e-01  -1.3049473e-01  -5.6676857e-01   6.3928943e-01   1.0478737e-03   5.2306216e-02
  -7.5288234e+01  -7.7926352e+01   4.2947040e-02  -6.8345855e-02  -4.5678309e-01   5.1368863e-01   2.4407115e-04   5.3482751e-02
  -7.6141829e+01  -8.0740242e+01  -1.0525694e-02  -1.0207396e-02  -3.9294419e-01   4.4128772e-01   5.5352332e-04   5.1368208e-02
  -7.7527967e+01  -8.3333546e+01  -4.9385514e-02   3.1435334e-02  -3.3827957e-01   3.7999184e-01   5.4207425e-04   4.7703807e-02
  -7.9393398e+01  -8.5606602e+01  -7.6342262e-02   5.9510948e-02  -2.9037603e-01   3.2706574e-01   3.6244115e-04   4.2702880e-02
  -8.1666454e+01  -8.7472033e+01  -9.4310453e-02   7.7461571e-02  -2.4697453e-01   2.7985407e-01   4.1977814e-04   3.6232456e-02
  -8.4259758e+01  -8.8858171e+01  -1.0484322e-01   8.6863608e-02  -2.0760494e-01   2.3791395e-01   3.2626356e-04   2.9180720e-02
  -8.7073648e+01  -8.9711766e+01  -1.1173631e-01   9.2006458e-02  -1.7134733e-01   2.0028251e-01   2.8268107e-04   2.1900177e-02
  -7.5000000e+01  -4.5000000e+01   1.8424872e-02  -3.0132985e-02  -1.7538719e+00   1.9825008e+00   1.6454468e-03   3.9112708e-02
  -7.5000000e+01  -4.8000000e+01   5.6377064e-02  -7.4013834e-02  -1.4535246e+00   1.6396725e+00   3.8175211e-04   4.3483582e-02
  -7.5000000e+01  -5.1000000e+01   5.9639454e-02  -7.8163893e-02  -1.3015399e+00   1.4666110e+00   5.3620115e-04   4.5245730e-02
  -7.5000000e+01  -5.4000000e+01   6.2959343e-02  -8.2403612e-02  -1.1861501e+00   1.3356337e+00   4.8137802e-04   4.6617997e-02
  -7.5000000e+01  -5.7000000e+01   6.7075711e-02  -8.7467720e-02  -1.0888336e+00   1.2256093e+00   5.1903696e-04   4.7561285e-02
  -7.5000000e+01  -6.0000000e+01   7.0910218e-02  -9.2148671e-02  -1.0025534e+00   1.1282999e+00   5.4623138e-04   4.8326129e-02
  -7.5000000e+01  -6.3000000e+01   7.5203826e-02  -9.7434667e-02  -9.2229781e-01   1.0380109e+00   6.1216259e-04   4.8961680e-02
  -7.5000000e+01  -6.6000000e+01   8.0083787e-02  -1.0359432e-01  -8.4478836e-01   9.5101828e-01   6.1277287e-04   4.9613102e-02
  -7.5000000e+01  -6.9000000e+01   8.6011506e-02  -1.1108287e-01  -7.6677482e-01   8.6351719e-01   5.7773764e-04   5.0467377e-02
  -7.5000000e+01  -7.2000000e+01   9.5024254e-02  -1.2221275e-01  -6.8405248e-01   7.7082245e-01   5.4024531e-04   5.1478949e-02
  -6.0000000e+01  -3.0000000e+01  -2.4014642e+00   2.6958011e+00  -4.1314363e-02   4.3096655e-02  -1.5208907e-05   5.1743673e-03
  -6.2926352e+01  -3.0288234e+01  -2.6406965e+00   2.9720000e+00  -5.3352287e-01   5.9869765e-01   2.0586731e-03   7.1490940e-03
  -6.5740242e+01  -3.1141829e+01  -2.5481563e+00   2.8718704e+00  -1.0629262e+00   1.1980274e+00  -1.8432149e-03   1.6540295e-02
  -6.8333546e+01  -3.2527967e+01  -2.2699155e+00   2.5601854e+00  -1.5286241e+00   1.7259408e+00  -1.7850915e-04   1.9991069e-02
  -7.0606602e+01  -3.4393398e+01  -1.8559281e+00   2.0937094e+00  -1.8859138e+00   2.1316033e+00   3.9816377e-04   2.4396521e-02
  -7.2472033e+01  -3.6666454e+01  -1.3786180e+00   1.5542961e+00  -2.0950416e+00   2.3695639e+00   8.6070320e-04   2.8516246e-02
  -7.3858171e+01  -3.9259758e+01  -8.6579824e-01   9.7357729e-01  -2.1598144e+00   2.4438918e+00  -2.0349444e-04   3.3761260e-02
  -7.4711766e+01  -4.2073648e+01  -3.7886610e-01   4.2119453e-01  -2.0696934e+00   2.3418441e+00  -1.7892621e-04   3.7385293e-02
   6.0000000e+01  -3.0000000e+01  -2.4021761e+00   2.6966108e+00   4.1517321e-02  -4.3141291e-02  -2.7937072e-03  -2.0272735e-03
   5.7000000e+01  -3.0000000e+01  -2.1234228e+00   2.3772318e+00  -7.3218956e-04   3.7892875e-03   1.4421448e-04  -3.2485636e-03
   5.4000000e+01  -3.0000000e+01  -2.0285643e+00   2.2673839e+00   4.0881911e-03  -2.1590754e-03  -4.1582632e-05  -1.8691292e-03
   5.1000000e+01  -3.0000000e+01  -1.9724991e+00   2.2022746e+00   6.5658938e-03  -5.3926172e-03  -4.0944482e-05  -1.1802250e-03
   4.8000000e+01  -3.0000000e+01  -1.9360247e+00   2.1598462e+00   7.7369749e-03  -7.0421530e-03  -2.6170064e-05  -7.5779105e-04
   4.5000000e+01  -3.0000000e+01  -1.9116735e+00   2.1314636e+00   8.7258540e-03  -8.5545023e-03  -1.2601814e-05  -4.9259816e-04
   4.2000000e+01  -3.0000000e+01  -1.8947519e+00   2.1117413e+00   9.2291351e-03  -9.3572330e-03  -7.4297406e-05  -2.4267662e-04
   3.9000000e+01  -3.0000000e+01  -1.8829274e+00   2.0979813e+00   9.4277017e-03  -9.8093175e-03   3.4272461e-05  -2.2871918e-04
   3.6000000e+01  -3.0000000e+01  -1.8748306e+00   2.0885314e+00   9.6737246e-03  -1.0178109e-02  -1.3119662e-05  -1.0131209e-04
   3.3000000e+01  -3.0000000e+01  -1.8690757e+00   2.0818645e+00   9.6648317e-03  -1.0248048e-02   1.0067585e-04  -1.5963798e-04
   3.0000000e+01  -3.0000000e+01  -1.8652853e+00   2.0774642e+00   9.0820735e-03  -9.7614168e-03   2.2744600e-05  -4.7171753e-05
   2.7000000e+01  -3.0000000e+01  -1.8628076e+00   2.0746093e+00   8.5369819e-03  -9.2530733e-03   1.4835650e-05  -1.8193464e-05
   2.4000000e+01  -3.0000000e+01  -1.8612852e+00   2.0728653e+00   7.9881634e-03  -8.6884614e-03   2.1695864e-05  -1.5612858e-05
   2.1000000e+01  -3.0000000e+01  -1.8604918e+00   2.0719528e+00   7.1562570e-03  -7.8271006e-03   3.0677513e-05  -1.3993509e-05
   1.8000000e+01  -3.0000000e+01  -1.8600975e+00   2.0715270e+00   6.2958220e-03  -6.9151065e-03   8.6197186e-06   8.5760765e-06
   1.5000000e+01  -3.0000000e+01  -1.8599728e+00   2.0714138e+00   5.3532842e-03  -5.8978510e-03   1.2700361e-05   7.3678717e-06
   1.2000000e+01  -3.0000000e+01  -1.8599704e+00   2.0714525e+00   4.2637704e-03  -4.7279891e-03  -8.8273944e-06   2.1754146e-05
   9.0000000e+00  -3.0000000e+01  -1.8601557e+00   2.0716716e+00   3.0519851e-03  -3.4310373e-03   1.0635096e-04  -7.9509381e-05
   6.0000000e+00  -3.0000000e+01  -1.8603143e+00   2.0718665e+00   1.9908623e-03  -2.2568382e-03   5.9434726e-05  -3.9894220e-05
   3.0000000e+00  -3.0000000e+01  -1.8604142e+00   2.0719929e+00   9.1207732e-04  -1.0584107e-03   6.2142537e-05  -4.6090383e-05
  -6.4392935e-15  -3.0000000e+01  -1.8604792e+00   2.0720662e+00  -1.3194945e-04   1.1809072e-04  -1.4159129e-05   2.0661444e-05
  -3.0000000e+00  -3.0000000e+01  -1.8603970e+00   2.0719796e+00  -9.9140128e-04   1.1173520e-03   4.6139210e-05  -4.0270105e-05
  -6.0000000e+00  -3.0000000e+01  -1.8602784e+00   2.0718357e+00  -2.3306880e-03   2.5574092e-03  -8.5559969e-05   7.7942601e-05
  -9.0000000e+00  -3.0000000e+01  -1.8601550e+00   2.0716715e+00  -3.4165858e-03   3.7493249e-03   3.6594239e-07  -3.6878374e-06
  -1.2000000e+01  -3.0000000e+01  -1.8600228e+00   2.0714971e+00  -4.5045963e-03   4.9292072e-03   8.3342155e-05  -8.2708211e-05
  -1.5000000e+01  -3.0000000e+01  -1.8599490e+00   2.0713877e+00  -5.3827993e-03   5.9247059e-03  -4.3822582e-05   3.3436546e-05
  -1.8000000e+01  -3.0000000e+01  -1.8600735e+00   2.0715001e+00  -6.4293285e-03   7.0254416e-03  -3.1335692e-05   2.2569292e-05
  -2.1000000e+01  -3.0000000e+01  -1.8604588e+00   2.0719230e+00  -7.2632218e-03   7.9168056e-03   5.2582676e-05  -5.3234072e-05
  -2.4000000e+01  -3.0000000e+01  -1.8612742e+00   2.0728454e+00  -8.2038690e-03   8.8715734e-03  -3.1967489e-05   3.4444356e-05
  -2.7000000e+01  -3.0000000e+01  -1.8627904e+00   2.0745867e+00  -8.7743922e-03   9.4410320e-03   7.0592683e-05  -4.7391355e-05
  -3.0000000e+01  -3.0000000e+01  -1.8652409e+00   2.0774205e+00  -9.2331384e-03   9.8808495e-03   4.8341204e-05  -9.8545479e-06
  -3.3000000e+01  -3.0000000e+01  -1.8691386e+00   2.0819102e+00  -9.6232425e-03   1.0217864e-02  -1.7110975e-05   8.4664572e-05
  -3.6000000e+01  -3.0000000e+01  -1.8747317e+00   2.0884263e+00  -9.5943472e-03   1.0098999e-02  -3.9674803e-05   1.7208266e-04
  -3.9000000e+01  -3.0000000e+01  -1.8829110e+00   2.0979542e+00  -9.6824114e-03   9.9808248e-03   4.8196194e-05   1.5852078e-04
  -4.2000000e+01  -3.0000000e+01  -1.8947017e+00   2.1116916e+00  -9.5643978e-03   9.6276787e-03  -5.0811190e-05   3.7474474e-04
  -4.5000000e+01  -3.0000000e+01  -1.9117078e+00   2.1314877e+00  -8.9072689e-03   8.6590094e-03  -1.3994306e-05   5.3997240e-04
  -4.8000000e+01  -3.0000000e+01  -1.9360849e+00   2.1598977e+00  -7.8816945e-03   7.2560151e-03   4.8714345e-05   7.5362512e-04
  -5.1000000e+01  -3.0000000e+01  -1.9724878e+00   2.2022398e+00  -6.8213104e-03   5.7105450e-03   5.2176330e-05   1.1782167e-03
  -5.4000000e+01  -3.0000000e+01  -2.0285562e+00   2.2673677e+00  -4.2826894e-03   2.3857909e-03   4.8029638e-05   1.9004401e-03
  -5.7000000e+01  -3.0000000e+01  -2.1221688e+00   2.3757885e+00   1.1362817e-05  -2.9754422e-03  -2.7256127e-04   3.3710324e-03
   7.5000000e+01  -4.5000000e+01   1.0249328e-02  -2.0829072e-02   1.7537293e+00  -1.9823992e+00  -1.1654784e-03  -3.9665809e-02
   7.4711766e+01  -4.2073648e+01  -3.7614166e-01   4.1831256e-01   2.0707367e+00  -2.3430480e+00   6.3404656e-04  -3.7922939e-02
   7.3858171e+01  -3.9259758e+01  -8.6441641e-01   9.7214404e-01   2.1618610e+00  -2.4461563e+00  -9.6673193e-04  -3.2468105e-02
   7.2472033e+01  -3.6666454e+01  -1.3683180e+00   1.5428340e+00   2.1021801e+00  -2.3776535e+00   6.9459171e-05  -2.9535189e-02
   7.0606602e+01  -3.4393398e+01  -1.8550857e+00   2.0928704e+00   1.8856579e+00  -2.1312662e+00  -3.2582399e-04  -2.4490028e-02
   6.8333546e+01  -3.2527967e+01  -2.2637262e+00   2.5534601e+00   1.5355219e+00  -1.7335535e+00  -1.5244559e-03  -1.8139220e-02
   6.5740242e+01  -3.1141829e+01  -2.5459446e+00   2.8694748e+00   1.0684952e+00  -1.2043066e+00   1.9636599e-03  -1.6655780e-02
   6.2926352e+01  -3.0288234e+01  -2.6403258e+00   2.9716186e+00   5.3808326e-01  -6.0378910e-01  -6.4213397e-04  -8.6638358e-03
   7.5000000e+01  -7.5000000e+01   1.0085471e-01  -1.3104113e-01   5.6708169e-01  -6.3972653e-01  -8.0278349e-04  -5.2607341e-02
   7.5000000e+01  -7.2000000e+01   9.5232376e-02  -1.2243038e-01   6.8390895e-01  -7.7066926e-01  -5.5752643e-04  -5.1438930e-02
   7.5000000e+01  -6.9000000e+01   8.6279382e-02  -1.1120561e-01   7.6681389e-01  -8.6360216e-01  -5.5087644e-04  -5.0490623e-02
   7.5000000e+01  -6.6000000e+01   8.0462355e-02  -1.0392030e-01   8.4488507e-01  -9.5114954e-01  -5.8350558e-04  -4.9667416e-02
   7.5000000e+01  -6.3000000e+01   7.5293264e-02  -9.7676844e-02   9.2232159e-01  -1.0381183e+00  -4.3292284e-04  -4.9143821e-02
   7.5000000e+01  -6.0000000e+01   7.1119142e-02  -9.2486952e-02   1.0026038e+00  -1.1284330e+00  -5.1907104e-04  -4.8344114e-02
   7.5000000e+01  -5.7000000e+01   6.7068496e-02  -8.7455137e-02   1.0889689e+00  -1.2257968e+00  -5.5569705e-04  -4.7528658e-02
   7.5000000e+01  -5.4000000e+01   6.3342073e-02  -8.2843760e-02   1.1860276e+00  -1.3355799e+00  -5.3019782e-04  -4.6559503e-02
   7.5000000e+01  -5.1000000e+01   5.9035764e-02  -7.7555497e-02   1.3018423e+00  -1.4669713e+00  -6.3924806e-04  -4.5108712e-02
   7.5000000e+01  -4.8000000e+01   5.6411589e-02  -7.4137144e-02   1.4521943e+00  -1.6382300e+00  -7.5778262e-04  -4.3046280e-02
   9.0000000e+01  -9.0000000e+01  -1.2504934e-01   1.0214307e-01   1.3179686e-01  -1.5855078e-01  -3.5017149e-04  -1.5074044e-02
   8.7073648e+01  -8.9711766e+01  -1.1160498e-01   9.1868527e-02   1.7136218e-01  -2.0025644e-01  -3.0788683e-04  -2.1824244e-02
   8.4259758e+01  -8.8858171e+01  -1.0502047e-01   8.7063225e-02   2.0787988e-01  -2.3826327e-01  -3.8472911e-04  -2.9100845e-02
   8.1666454e+01  -8.7472033e+01  -9.3907728e-02   7.6966156e-02   2.4685782e-01  -2.7971321e-01  -3.6220484e-04  -3.6286334e-02
   7.9393398e+01  -8.5606602e+01  -7.6657714e-02   5.9839917e-02   2.9026441e-01  -3.2700303e-01  -4.2095172e-04  -4.2606125e-02
   7.7527967e+01  -8.3333546e+01  -4.9303919e-02   3.1301398e-02   3.3856664e-01  -3.8034797e-01  -4.8229002e-04  -4.7749997e-02
   7.6141829e+01  -8.0740242e+01  -1.1029586e-02  -9.7306420e-03   3.9227069e-01  -4.4053526e-01  -4.4607662e-04  -5.1468894e-02
   7.5288234e+01  -7.7926352e+01   4.2554725e-02  -6.8009645e-02   4.5691147e-01  -5.1390811e-01  -6.2663950e-04  -5.3040653e-02
   1.2000000e+02  -9.0000000e+01  -2.3969638e-01   2.5172306e-01   1.4699697e-01  -1.6886259e-01  -1.0442797e-04   1.6061550e-02
   1.1700000e+02  -9.0000000e+01  -2.6103635e-01   2.7131683e-01   1.2998204e-01  -1.4967167e-01   1.3609494e-04   1.0778972e-02
   1.1400000e+02  -9.0000000e+01  -2.6581621e-01   2.7322949e-01   1.2103000e-01  -1.4001795e-01   1.2375507e-04   7.1733478e-03
   1.1100000e+02  -9.0000000e+01  -2.6472923e-01   2.6877184e-01   1.1558214e-01  -1.3431066e-01   4.2038714e-05   4.4803863e-03
   1.0800000e+02  -9.0000000e+01  -2.5882190e-01   2.5910813e-01   1.1178601e-01  -1.3048185e-01   2.7944848e-06   2.2407499e-03
   1.0500000e+02  -9.0000000e+01  -2.4871363e-01   2.4495642e-01   1.0929893e-01  -1.2822124e-01  -2.5630580e-05   2.4213555e-04
   1.0200000e+02  -9.0000000e+01  -2.3469046e-01   2.2671621e-01   1.0857629e-01  -1.2804433e-01   1.6328036e-05  -1.8579796e-03
   9.9000000e+01  -9.0000000e+01  -2.1648028e-01   2.0420863e-01   1.0884058e-01  -1.2902142e-01  -1.3877316e-04  -3.9546741e-03
   9.6000000e+01  -9.0000000e+01  -1.9398137e-01   1.7748659e-01   1.1064133e-01  -1.3193399e-01  -2.2111258e-04  -6.6158780e-03
   9.3000000e+01  -9.0000000e+01  -1.6589406e-01   1.4543503e-01   1.1493672e-01  -1.3805443e-01  -7.1693863e-05  -1.0403753e-02
   1.3060660e+02  -8.5606602e+01  -1.3715643e-01   1.4304851e-01   1.3986447e-01  -1.6699029e-01   3.7349558e-04   4.3254430e-02
   1.2833355e+02  -8.7472033e+01  -1.5065851e-01   1.5690131e-01   1.3138436e-01  -1.5642148e-01   3.0442705e-04   3.6918759e-02
   1.3247203e+02  -8.3333546e+01  -1.3034415e-01   1.3688152e-01   1.5605836e-01  -1.8613364e-01   3.1059254e-04   4.8575461e-02
   1.3385817e+02  -8.0740242e+01  -1.3177514e-01   1.4012713e-01   1.7955281e-01  -2.1354157e-01   3.6776265e-04   5.2204100e-02
   1.2574024e+02  -8.8858171e+01  -1.7041476e-01   1.7778077e-01   1.3121242e-01  -1.5492772e-01   3.6615692e-04   2.9654230e-02
   1.2292635e+02  -8.9711766e+01  -1.9617465e-01   2.0536401e-01   1.3957113e-01  -1.6269537e-01   2.1135270e-04   2.2479904e-02
   1.3471177e+02  -7.7926352e+01  -1.4171072e-01   1.5332815e-01   2.1219048e-01  -2.5143069e-01   6.9735610e-04   5.3621604e-02
   1.3500000e+02  -7.5000000e+01  -1.5073008e-01   1.6571716e-01   2.6664314e-01  -3.1528306e-01   3.4892692e-04   5.3803284e-02
   1.3060660e+02   2.5606602e+01  -2.5510857e-01   2.6992969e-01   1.8833358e-02  -1.6148888e-02   3.5784646e-04   4.3708304e-02
   1.3247203e+02   2.3333546e+01  -2.2151841e-01   2.3412220e-01   3.0303411e-02  -2.8577585e-02   4.7275495e-04   4.8775436e-02
   1.2833355e+02   2.7472033e+01  -2.9361724e-01   3.1122605e-01  -3.7059263e-04   4.4383595e-03   1.9931606e-04   3.7476472e-02
   1.2574024e+02   2.8858171e+01  -3.3893504e-01   3.6019733e-01  -2.9174078e-02   3.5264692e-02   3.3755935e-04   3.0240161e-02
   1.3385817e+02   2.0740242e+01  -1.9232615e-01   2.0313430e-01   3.5857602e-02  -3.4866539e-02   4.4984188e-04   5.2485383e-02
   1.3471177e+02   1.7926352e+01  -1.6628400e-01   1.7563286e-01   3.8123813e-02  -3.7954284e-02   4.7056766e-04   5.4215589e-02
   1.2292635e+02   2.9711766e+01  -3.9275459e-01   4.1880136e-01  -7.0540135e-02   7.9563205e-02   2.9037497e-04   2.3016223e-02
   1.3500000e+02   1.5000000e+01  -1.3609570e-01   1.4374560e-01   4.4375340e-02  -4.5798844e-02   5.3661231e-04   5.3903471e-02
   1.3500000e+02  -7.2000000e+01  -1.3508674e-01   1.4842389e-01   3.0584400e-01  -3.6305569e-01   6.1837055e-04   5.2156234e-02
   1.3500000e+02  -6.9000000e+01  -1.2539850e-01   1.3725050e-01   3.2824719e-01  -3.9032849e-01   5.6106633e-04   5.1383253e-02
   1.3500000e+02  -6.6000000e+01  -1.1980856e-01   1.3087086e-01   3.4674371e-01  -4.1279258e-01   6.2328446e-04   5.0721105e-02
   1.3500000e+02  -6.3000000e+01  -1.1537590e-01   1.2580262e-01   3.6212781e-01  -4.3137435e-01   6.5302212e-04   5.0275800e-02
   1.3500000e+02  -6.0000000e+01  -1.1219421e-01   1.2195393e-01   3.7495656e-01  -4.4679551e-01   6.0637826e-04   5.0022057e-02
   1.3500000e+02  -5.7000000e+01  -1.0964500e-01   1.1884990e-01   3.8556623e-01  -4.5950453e-01   5.4452861e-04   4.9888896e-02
   1.3500000e+02  -5.4000000e+01  -1.0742522e-01   1.1624112e-01   3.9394585e-01  -4.6947116e-01   4.8190486e-04   4.9829707e-02
   1.3500000e+02  -5.1000000e+01  -1.0542823e-01   1.1378751e-01   4.0017693e-01  -4.7680978e-01   5.2700647e-04   4.9678939e-02
   1.3500000e+02  -4.8000000e+01  -1.0375630e-01   1.1171144e-01   4.0413990e-01  -4.8132878e-01   6.5746974e-04   4.9464838e-02
   1.3500000e+02  -4.5000000e+01  -1.0240013e-01   1.1002551e-01   4.0595996e-01  -4.8325130e-01   5.6426212e-04   4.9527346e-02
   1.3500000e+02  -4.2000000e+01  -1.0114480e-01   1.0849624e-01   4.0548659e-01  -4.8237795e-01   5.2329085e-04   4.9564142e-02
   1.3500000e+02  -3.9000000e+01  -1.0022572e-01   1.0712455e-01   4.0276546e-01  -4.7874908e-01   6.5900997e-04   4.9396340e-02
   1.3500000e+02  -3.6000000e+01  -9.9267223e-02   1.0613002e-01   3.9784936e-01  -4.7241807e-01   5.5205995e-04   4.9506398e-02
   1.3500000e+02  -3.3000000e+01  -9.8556983e-02   1.0504626e-01   3.9066098e-01  -4.6334434e-01   6.0294192e-04   4.9419885e-02
   1.3500000e+02  -3.0000000e+01  -9.7890832e-02   1.0400071e-01   3.8141610e-01  -4.5174637e-01   4.6749486e-04   4.9628136e-02
   1.3500000e+02   1.2000000e+01  -1.1752636e-01   1.2384242e-01   7.9085705e-02  -8.5248676e-02   5.4082079e-04   5.2531505e-02
   1.3500000e+02   9.0000000e+00  -1.1012994e-01   1.1582713e-01   1.0943013e-01  -1.2071030e-01   6.0458153e-04   5.1607065e-02
   1.3500000e+02   6.0000000e+00  -1.0568601e-01   1.1098576e-01   1.3818715e-01  -1.5478085e-01   5.2021977e-04   5.1094240e-02
   1.3500000e+02   3.0000000e+00  -1.0281233e-01   1.0792284e-01   1.6589484e-01  -1.8791013e-01   5.3366032e-04   5.0636513e-02
   1.3500000e+02   4.1078252e-15  -1.0074558e-01   1.0570517e-01   1.9238180e-01  -2.1979546e-01   7.0048702e-04   5.0151684e-02
   1.3500000e+02  -3.0000000e+00  -9.9174184e-02   1.0425713e-01   2.1774914e-01  -2.5052378e-01   5.9483891e-04   5.0040942e-02
   1.3500000e+02  -6.0000000e+00  -9.7931963e-02   1.0286239e-01   2.4186838e-01  -2.7985024e-01   6.2044771e-04   4.9864085e-02
   1.3500000e+02  -1.2000000e+01  -9.6899255e-02   1.0190444e-01   2.8617032e-01  -3.3402063e-01   5.6258168e-04   4.9736686e-02
   1.3500000e+02  -1.5000000e+01  -9.6523878e-02   1.0167974e-01   3.0620380e-01  -3.5863900e-01   5.7957788e-04   4.9658569e-02
   1.3500000e+02  -9.0000000e+00  -9.7386490e-02   1.0236096e-01   2.6468183e-01  -3.0770081e-01   5.3423747e-04   4.9848981e-02
   1.3500000e+02  -2.7000000e+01  -9.7332566e-02   1.0319283e-01   3.7005967e-01  -4.3759629e-01   5.8672412e-04   4.9451589e-02
   1.3500000e+02  -2.4000000e+01  -9.6915137e-02   1.0260114e-01   3.5670582e-01  -4.2100863e-01   5.4661266e-04   4.9553740e-02
   1.3500000e+02  -1.8000000e+01  -9.6523944e-02   1.0184298e-01   3.2470470e-01  -3.8143393e-01   5.6269082e-04   4.9627494e-02
   1.3500000e+02  -2.1000000e+01  -9.6679211e-02   1.0211883e-01   3.4160730e-01  -4.0229670e-01   6.3166833e-04   4.9511763e-02
